# Created Sun Oct 10 18:00:33 2021

CITIFILE A.01.00
NAME CM
VAR freq MAG 201
DATA S[1,1] RI
DATA S[1,2] RI
DATA S[2,1] RI
DATA S[2,2] RI
VAR_LIST_BEGIN
            300000
          42798500
          85297000
         127795500
         170294000
         212792500
         255291000
         297789500
         340288000
         382786500
         425285000
         467783500
         510282000
         552780500
         595279000
         637777500
         680276000
         722774500
         765273000
         807771500
         850270000
         892768500
         935267000
         977765500
     1.020264e+009
    1.0627625e+009
     1.105261e+009
    1.1477595e+009
     1.190258e+009
    1.2327565e+009
     1.275255e+009
    1.3177535e+009
     1.360252e+009
    1.4027505e+009
     1.445249e+009
    1.4877475e+009
     1.530246e+009
    1.5727445e+009
     1.615243e+009
    1.6577415e+009
      1.70024e+009
    1.7427385e+009
     1.785237e+009
    1.8277355e+009
     1.870234e+009
    1.9127325e+009
     1.955231e+009
    1.9977295e+009
     2.040228e+009
    2.0827265e+009
     2.125225e+009
    2.1677235e+009
     2.210222e+009
    2.2527205e+009
     2.295219e+009
    2.3377175e+009
     2.380216e+009
    2.4227145e+009
     2.465213e+009
    2.5077115e+009
      2.55021e+009
    2.5927085e+009
     2.635207e+009
    2.6777055e+009
     2.720204e+009
    2.7627025e+009
     2.805201e+009
    2.8476995e+009
     2.890198e+009
    2.9326965e+009
     2.975195e+009
    3.0176935e+009
     3.060192e+009
    3.1026905e+009
     3.145189e+009
    3.1876875e+009
     3.230186e+009
    3.2726845e+009
     3.315183e+009
    3.3576815e+009
      3.40018e+009
    3.4426785e+009
     3.485177e+009
    3.5276755e+009
     3.570174e+009
    3.6126725e+009
     3.655171e+009
    3.6976695e+009
     3.740168e+009
    3.7826665e+009
     3.825165e+009
    3.8676635e+009
     3.910162e+009
    3.9526605e+009
     3.995159e+009
    4.0376575e+009
     4.080156e+009
    4.1226545e+009
     4.165153e+009
    4.2076515e+009
      4.25015e+009
    4.2926485e+009
     4.335147e+009
    4.3776455e+009
     4.420144e+009
    4.4626425e+009
     4.505141e+009
    4.5476395e+009
     4.590138e+009
    4.6326365e+009
     4.675135e+009
    4.7176335e+009
     4.760132e+009
    4.8026305e+009
     4.845129e+009
    4.8876275e+009
     4.930126e+009
    4.9726245e+009
     5.015123e+009
    5.0576215e+009
      5.10012e+009
    5.1426185e+009
     5.185117e+009
    5.2276155e+009
     5.270114e+009
    5.3126125e+009
     5.355111e+009
    5.3976095e+009
     5.440108e+009
    5.4826065e+009
     5.525105e+009
    5.5676035e+009
     5.610102e+009
    5.6526005e+009
     5.695099e+009
    5.7375975e+009
     5.780096e+009
    5.8225945e+009
     5.865093e+009
    5.9075915e+009
      5.95009e+009
    5.9925885e+009
     6.035087e+009
    6.0775855e+009
     6.120084e+009
    6.1625825e+009
     6.205081e+009
    6.2475795e+009
     6.290078e+009
    6.3325765e+009
     6.375075e+009
    6.4175735e+009
     6.460072e+009
    6.5025705e+009
     6.545069e+009
    6.5875675e+009
     6.630066e+009
    6.6725645e+009
     6.715063e+009
    6.7575615e+009
      6.80006e+009
    6.8425585e+009
     6.885057e+009
    6.9275555e+009
     6.970054e+009
    7.0125525e+009
     7.055051e+009
    7.0975495e+009
     7.140048e+009
    7.1825465e+009
     7.225045e+009
    7.2675435e+009
     7.310042e+009
    7.3525405e+009
     7.395039e+009
    7.4375375e+009
     7.480036e+009
    7.5225345e+009
     7.565033e+009
    7.6075315e+009
      7.65003e+009
    7.6925285e+009
     7.735027e+009
    7.7775255e+009
     7.820024e+009
    7.8625225e+009
     7.905021e+009
    7.9475195e+009
     7.990018e+009
    8.0325165e+009
     8.075015e+009
    8.1175135e+009
     8.160012e+009
    8.2025105e+009
     8.245009e+009
    8.2875075e+009
     8.330006e+009
    8.3725045e+009
     8.415003e+009
    8.4575015e+009
          8.5e+009
VAR_LIST_END
BEGIN
        1.00048832,    -0.00400197663
       0.835435981,      -0.549100163
       0.451142199,      -0.890712904
      0.0243477173,      -0.999248506
      -0.329118733,      -0.944345553
      -0.593327217,      -0.802157098
      -0.778277275,      -0.620184491
      -0.896715563,      -0.426673005
      -0.963133228,      -0.229838395
      -0.987050255,     -0.0342903623
      -0.970408583,       0.157214064
      -0.916206961,       0.349156029
      -0.819822285,        0.53631879
      -0.665204414,       0.711753434
       -0.44367622,       0.858900969
      -0.145399988,       0.954207896
       0.229410522,       0.933364307
       0.624990409,       0.724402104
       0.911838815,       0.297403708
       0.934377708,       -0.25161908
       0.669788081,      -0.711870504
       0.262956538,       -0.94547829
      -0.129924257,      -0.972860899
      -0.442791945,      -0.878648444
      -0.665986544,      -0.720087612
      -0.816299731,      -0.536334097
      -0.910499956,      -0.343902778
      -0.955925868,      -0.150674206
       -0.96119989,      0.0417081803
      -0.927889279,       0.231785645
      -0.849550804,       0.420226659
      -0.718319816,       0.605433437
      -0.523913299,        0.77064585
      -0.244299944,       0.889108797
       0.132059849,       0.900120443
       0.545932892,       0.717227913
       0.859497601,       0.287121031
       0.870038728,      -0.288747251
       0.569475518,      -0.738677235
        0.14612855,      -0.935208715
      -0.233217164,       -0.92592516
      -0.516049913,      -0.805735889
      -0.711400623,      -0.638882805
      -0.835386792,      -0.459146769
      -0.906085868,      -0.277795765
      -0.938652711,      -0.101798918
      -0.935411752,      0.0718443737
       -0.89695584,        0.24503784
      -0.827204296,       0.416001136
      -0.709625865,       0.580135249
      -0.531704728,       0.727394553
      -0.285482299,       0.841783267
      0.0393633951,       0.870535069
       0.419615315,       0.745861085
        0.75228018,       0.393579151
       0.843673922,      -0.127874944
       0.628683775,      -0.611811065
       0.232879496,       -0.86454496
      -0.152623621,      -0.895026357
      -0.456221235,      -0.797010094
      -0.660964501,      -0.638655286
      -0.790975454,      -0.462253246
      -0.866082221,      -0.283804385
      -0.897039205,      -0.108689905
      -0.893873332,      0.0619152777
      -0.855608779,        0.22520645
      -0.782292765,       0.381919363
      -0.666212895,       0.534732932
      -0.500475738,       0.669503808
      -0.268641125,       0.765986601
      0.0381037888,       0.782272913
       0.388901453,          0.648645
        0.67724484,       0.299595551
       0.724660845,      -0.196468062
       0.476391069,      -0.620174223
      0.0811737794,      -0.811348982
      -0.267816386,        -0.7948777
      -0.526404114,      -0.669234119
       -0.69255296,      -0.498551157
      -0.789332204,       -0.32170975
      -0.829491372,      -0.143431998
      -0.833835391,      0.0244023802
       -0.80059535,       0.184571671
      -0.727376178,       0.334080996
      -0.618853527,       0.477190967
      -0.461264808,       0.596891737
      -0.249640508,       0.676551868
      0.0182052817,       0.680655297
       0.318182804,       0.558797233
       0.561137386,       0.266567593
       0.612627269,      -0.149033877
        0.42083892,      -0.517771733
      0.0984874239,       -0.70826929
      -0.215413872,      -0.719946214
      -0.456842041,      -0.618177609
      -0.620328857,      -0.474132318
      -0.714754136,      -0.308984605
      -0.759216319,      -0.146052963
      -0.763046848,      0.0118939319
      -0.728643428,       0.156850884
      -0.660921827,       0.300518736
      -0.554914052,       0.426300376
      -0.413738885,       0.531163738
      -0.218921392,       0.595778133
      0.0174570595,       0.593066923
        0.27444917,       0.481297176
       0.475685123,       0.239444131
       0.537652194,     -0.0994660705
       0.409182469,      -0.429466729
       0.148517612,      -0.631121284
      -0.136488749,      -0.673292439
       -0.37334352,      -0.609677716
      -0.543252213,      -0.480120045
      -0.646632586,      -0.326132093
      -0.699984115,      -0.165611005
      -0.707545227,    -0.00863810822
      -0.666606106,       0.145634012
      -0.591738606,       0.288641819
       -0.47984253,       0.413777372
      -0.317141391,        0.50501328
      -0.111702224,         0.5488795
       0.128752853,        0.51527958
       0.359748083,       0.367545532
       0.517859325,       0.101771881
       0.522156858,      -0.217129706
       0.380392917,      -0.494176952
       0.144128435,      -0.651845441
      -0.109811393,      -0.692526563
      -0.321641331,      -0.637051229
      -0.478809942,      -0.531478929
      -0.586664415,       -0.39320217
       -0.64318174,      -0.252559399
      -0.657606845,      -0.105444994
      -0.631272682,      0.0421165663
      -0.572182138,       0.176914378
      -0.468347601,       0.296012861
      -0.314791442,       0.383175798
      -0.113766999,       0.425032968
       0.112041733,       0.373483129
       0.315809752,       0.210191616
       0.417304723,     -0.0632247733
        0.36436867,      -0.355862828
       0.177209482,      -0.566339821
     -0.0544343549,      -0.646989903
      -0.264415863,      -0.627334142
      -0.426088864,      -0.548299993
      -0.537431356,      -0.437397754
      -0.606140006,       -0.31634965
      -0.639853554,       -0.19457981
      -0.638686924,     -0.0683915874
      -0.612621964,      0.0465712613
      -0.564503094,       0.158124711
      -0.475625548,       0.251826317
      -0.360942037,       0.331169101
      -0.210243613,       0.378007078
     -0.0444196834,       0.371612843
       0.145168135,       0.282911742
       0.287671888,       0.105042017
       0.332592624,      -0.146531097
       0.230989366,       -0.37479881
      0.0340515064,      -0.512598599
      -0.172793353,       -0.52533974
      -0.343410162,      -0.473966941
      -0.457350467,      -0.371113873
       -0.50794446,      -0.259429841
      -0.534698022,      -0.144004814
      -0.523589751,     -0.0245945343
      -0.493029517,       0.063813596
      -0.440536028,       0.155008656
      -0.350177375,       0.221787951
      -0.241200969,       0.276564262
       -0.11618248,        0.29336968
      0.0301427821,       0.274106682
       0.166448742,        0.17296084
       0.276441013,      0.0148672885
       0.283081388,       -0.18803396
         0.1940801,      -0.369757931
      0.0416994193,      -0.482207124
      -0.126873883,       -0.51452967
      -0.276325163,      -0.481204288
      -0.371742303,      -0.415828185
      -0.448942754,      -0.333563591
      -0.488683546,      -0.225821435
      -0.511998533,      -0.149810659
      -0.514814665,     -0.0529323018
      -0.487274241,      0.0314787186
      -0.443122964,       0.114555258
      -0.376326703,       0.187516361
      -0.285422004,        0.25116791
       -0.17771313,       0.268139669
     -0.0491154339,       0.262932141
      0.0758265393,        0.19833398
       0.169805966,      0.0994396124
       0.209384554,     -0.0654008825
       0.184964992,      -0.209582474
       0.103944846,      -0.322203247
     -0.0140711993,       -0.39161636
      -0.133683043,      -0.415998876
      -0.233815133,      -0.389924583
      -0.321684246,       -0.33846998
      -0.383593051,      -0.278241614
END
BEGIN
    -0.00035873525,    0.000145076422
      0.0011876052,     0.00448693084
     0.00429936872,     0.00781102937
     0.00762137774,     0.00899589457
      0.0110758301,     0.00938270338
      0.0138408842,     0.00892124686
      0.0164693996,     0.00835674389
      0.0191098326,     0.00761444919
       0.021749986,     0.00652488364
      0.0246716947,      0.0053160407
       0.027860056,     0.00382660961
      0.0319003333,     0.00157424625
      0.0362445616,     -0.0014683889
      0.0412159254,    -0.00584971666
      0.0472217623,     -0.0124174945
      0.0523415231,     -0.0227883595
      0.0554304941,     -0.0365681876
      0.0539581846,     -0.0547982659
      0.0426270319,      -0.074433666
      0.0235902309,     -0.0867093759
      0.0022859584,     -0.0917712049
     -0.0182000713,     -0.0873087648
     -0.0308936276,     -0.0790947758
     -0.0408185391,     -0.0725429521
     -0.0489457184,     -0.0641219418
     -0.0535860544,     -0.0576940775
      -0.059206562,     -0.0541636307
     -0.0663871187,     -0.0490835148
     -0.0716423386,     -0.0441711818
     -0.0794410288,       -0.04159428
     -0.0908359745,     -0.0363484812
      -0.101844688,     -0.0284969617
      -0.117487598,     -0.0196057579
      -0.135282639,   -0.000819313374
       -0.15019819,       0.026000934
      -0.161451125,       0.065900014
      -0.147936929,       0.116994775
      -0.115142629,       0.155936931
     -0.0662353281,       0.179589356
     -0.0208102312,       0.174897518
     0.00848910644,       0.162596602
      0.0318336952,       0.149992876
      0.0477157226,        0.13378176
      0.0552532217,       0.122544724
      0.0645150183,         0.1178611
      0.0767157537,       0.109242803
      0.0818827134,       0.102502326
      0.0913486937,       0.104918048
       0.111400502,        0.10190744
        0.12554418,      0.0941355434
       0.146872386,      0.0947296271
       0.182571368,       0.083177382
       0.218185106,      0.0572344326
       0.257523941,       0.013383244
       0.279556194,     -0.0599628448
       0.262358871,      -0.149656414
       0.196287819,       -0.20749736
       0.138858781,      -0.232184659
      0.0720223778,      -0.237658095
      0.0326240493,        -0.2102121
      0.0203626104,      -0.204239362
     -0.0134905692,      -0.200976445
      -0.027563375,      -0.177184977
     -0.0235072037,       -0.17828357
     -0.0475292796,      -0.192275984
     -0.0679112821,      -0.180970447
     -0.0698240298,      -0.188998968
      -0.103090803,      -0.217254457
      -0.153695521,      -0.213821386
      -0.192466919,      -0.216981404
      -0.282166417,      -0.216737114
       -0.37079305,       -0.12977165
      -0.397257682,     -0.0267855618
      -0.394516731,      0.0855589026
      -0.324410617,       0.170448851
      -0.268501239,        0.19359269
      -0.238648181,       0.221216039
      -0.197025005,       0.254255334
      -0.149085321,       0.268815789
      -0.119919969,        0.26954615
      -0.101109978,       0.298260995
     -0.0386996598,       0.318122016
    -0.00854651547,       0.297413723
    -0.00442089504,        0.33207866
       0.089896839,       0.362956438
        0.12980745,       0.320032123
       0.155317377,       0.368740784
       0.315426576,       0.347248478
       0.338593794,       0.257531851
       0.446271077,        0.25945314
       0.504728277,       0.052756456
       0.451056739,     0.00136301581
       0.489872571,      -0.123918922
       0.372667274,      -0.215338172
         0.3336995,      -0.224704502
       0.287708861,      -0.279326145
       0.234394705,      -0.294423858
       0.191643033,      -0.319723997
       0.147705001,      -0.317443796
       0.146053676,      -0.343337173
      0.0713461656,      -0.396115977
      0.0265726176,      -0.365432499
       0.028773103,      -0.422791544
      -0.113262549,      -0.468614702
        -0.1607174,      -0.410556914
      -0.245118941,      -0.481044058
       -0.41916164,      -0.363111245
      -0.421321563,      -0.286954289
      -0.552817596,      -0.205216343
      -0.516479527,     -0.0256517291
      -0.492475997,      0.0193596555
      -0.476584434,       0.130089188
      -0.410846469,       0.182840365
      -0.379005336,       0.228841337
      -0.331152894,       0.266131689
       -0.31185822,       0.303500541
      -0.252213366,       0.360092627
      -0.212336332,       0.360683556
      -0.201179179,       0.428902622
      -0.091414783,       0.479002069
     -0.0481368556,       0.471136299
      0.0406529098,        0.55509447
       0.186162592,       0.503968897
       0.244115361,       0.492406882
       0.401524297,       0.429096846
       0.426458322,       0.309285485
        0.49225002,       0.251181751
       0.498394793,       0.110402779
       0.481186178,      0.0660191789
       0.501109041,     -0.0360760584
       0.432005416,     -0.0979426694
       0.447473012,      -0.118254267
       0.426464912,       -0.23038382
       0.359525435,      -0.244206015
        0.38928369,      -0.288746531
        0.32513893,      -0.409587113
       0.255305515,      -0.417388054
       0.239822011,      -0.508348658
      0.0879881285,      -0.584695549
    -0.00597674329,      -0.575339525
      -0.147029143,      -0.613675504
      -0.293590732,       -0.51779721
      -0.356742539,      -0.449032311
      -0.454799284,      -0.351827206
      -0.464682583,      -0.222908543
      -0.454354001,      -0.156694935
      -0.467199409,     -0.0866146149
      -0.449865131,    -0.00854311522
      -0.425368995,      0.0374108314
      -0.419528184,      0.0820886603
      -0.407400162,       0.135010842
      -0.392402589,       0.186089693
      -0.366131717,       0.236621004
      -0.358639731,       0.277114006
      -0.347979092,       0.370611125
      -0.259917595,       0.443246762
      -0.224017519,       0.483182611
      -0.111137447,       0.602656074
      0.0337434395,       0.575830318
       0.138355706,       0.622704404
       0.356151287,       0.499892506
       0.329362399,        0.39984766
       0.474566037,       0.396100279
       0.495541652,       0.134818001
       0.385743222,       0.142219992
       0.502760695,       0.126698401
       0.455533006,     -0.0739306759
       0.365483019,     -0.0379778866
       0.447887805,     -0.0644277717
        0.39918481,      -0.197341534
       0.352841292,      -0.189156549
       0.377191392,      -0.260768896
       0.313333675,      -0.332430879
       0.284628326,      -0.384735434
       0.201751192,      -0.457346108
       0.127032465,      -0.500407536
     -0.0274489938,      -0.530177925
     -0.0910120013,      -0.457994696
      -0.187961608,      -0.499337114
      -0.331479097,       -0.32974388
      -0.242832224,      -0.271671609
      -0.329351409,      -0.318069202
      -0.395353451,      -0.132961774
      -0.289599194,      -0.116266041
      -0.361203801,      -0.147206919
      -0.390851014,    -0.00944203538
      -0.320106558,     0.00105491076
      -0.370354085,     0.00804112965
      -0.367453939,       0.100322963
        -0.3424588,       0.129670885
      -0.349434897,       0.186462084
       -0.32024316,       0.247598644
      -0.292718043,        0.30907108
      -0.231693996,       0.366929127
      -0.173809162,       0.419466586
     -0.0610343723,       0.452492924
     0.00661556936,       0.420971726
      0.0727583216,       0.438978245
       0.175974981,       0.390368804
       0.199944664,       0.331661327
       0.243920786,       0.310509089
END
BEGIN
   5.90717919e-005,    0.000328104489
     0.00126826299,     0.00446553556
     0.00428715486,      0.0075676364
     0.00775331161,     0.00909953196
      0.0110368361,     0.00927458573
      0.0139365179,     0.00892456742
      0.0166504352,     0.00812568588
      0.0191116905,     0.00714301112
      0.0218714223,     0.00618344642
      0.0247362311,     0.00482357586
      0.0277380153,     0.00315016358
      0.0314297424,     0.00107940259
      0.0359202744,    -0.00199071437
      0.0404478884,    -0.00634133418
      0.0464283737,     -0.0126955779
      0.0513014583,      -0.023028229
      0.0548807145,     -0.0360055494
      0.0539206925,     -0.0556746814
      0.0423442376,     -0.0738626927
      0.0245556322,     -0.0893883152
    -0.00105797509,     -0.0933110554
     -0.0190754173,     -0.0878362138
     -0.0353116827,     -0.0807551025
     -0.0442965495,     -0.0697111126
     -0.0507494721,     -0.0639343772
     -0.0572098718,     -0.0559693154
     -0.0606474724,     -0.0511572749
      -0.068082094,     -0.0469166375
     -0.0731242962,      -0.041742925
      -0.081577454,     -0.0388115437
     -0.0912544918,     -0.0324905465
      -0.103239762,      -0.026581364
      -0.119024499,     -0.0156019526
      -0.136649221,     0.00174748283
      -0.153140466,      0.0315441151
      -0.162692074,       0.072613974
       -0.14928986,        0.12718632
      -0.111164989,       0.166239791
     -0.0589925664,       0.190062262
     -0.0109282131,       0.180312364
      0.0189602433,       0.168730192
      0.0435496774,       0.149269968
       0.054023073,       0.134722116
      0.0676289935,       0.124367748
      0.0747735013,       0.113331693
      0.0830173887,       0.108616712
      0.0937236895,       0.102534041
       0.104086209,      0.0984663408
       0.119871902,      0.0961912531
       0.138227415,      0.0892412064
       0.161278679,      0.0841607265
       0.194383761,      0.0662638543
       0.224722714,      0.0408913269
       0.265739844,    -0.00815471796
       0.274052641,     -0.0836580489
       0.259413496,      -0.163173925
        0.19403342,      -0.229588818
       0.128336126,      -0.249424116
      0.0669602937,      -0.251630006
      0.0253997635,      -0.236424174
    -0.00695436036,      -0.224799476
      -0.028421465,       -0.20885676
     -0.0460776429,      -0.200665464
      -0.061902078,      -0.192458311
     -0.0780086382,      -0.190688655
     -0.0954220727,      -0.187621767
      -0.117289409,      -0.191677082
      -0.146191333,      -0.188029309
      -0.176428598,      -0.194079127
      -0.233572151,      -0.185460508
      -0.283398838,      -0.164796068
      -0.368859679,      -0.119543918
       -0.41452557,     -0.0124874672
      -0.431216712,      0.0954023256
      -0.374562921,       0.233771116
      -0.276466897,       0.279079529
      -0.211667076,       0.318454394
       -0.12189168,       0.310975955
      -0.100638985,       0.294922618
     -0.0439156181,       0.309702848
     -0.0213644267,       0.275750648
    -0.00611910089,       0.306140841
       0.044153322,       0.282702268
      0.0357390468,        0.29966401
       0.110861336,       0.317204075
       0.120202884,        0.30646454
        0.20255341,       0.354148857
       0.274934093,       0.309567511
       0.367846102,       0.314409492
        0.48161569,       0.205276958
       0.533173655,      0.0859054763
       0.529826119,     -0.0685644673
       0.479564995,      -0.184133861
        0.37450271,      -0.264172522
       0.328241349,      -0.272886891
       0.243614836,      -0.332372169
       0.205944253,      -0.291455775
       0.178558276,      -0.364000179
       0.109374949,      -0.316893423
       0.137828941,      -0.367883247
      0.0332345924,       -0.37191974
      0.0643871365,      -0.383423031
      -0.046090377,      -0.448747807
     -0.0658703696,      -0.426902651
      -0.178434537,      -0.509190799
      -0.282879885,      -0.454613625
      -0.415518636,       -0.45192812
      -0.533183914,      -0.313208375
      -0.606076618,       -0.18680292
      -0.588412428,    -0.00934668949
      -0.563476232,      0.0729512528
      -0.481599208,       0.201071564
      -0.432614046,       0.201994469
      -0.382236975,       0.308518107
      -0.314185135,       0.273561702
      -0.325977584,       0.357871885
      -0.224980833,       0.352486447
      -0.261412397,       0.401767436
      -0.144829278,       0.450351196
       -0.15586918,       0.463627566
     -0.0395634899,       0.559075028
      0.0268416138,       0.557306787
       0.167757659,       0.616226201
       0.304496048,       0.562544584
        0.45262438,       0.489737192
       0.513268683,        0.35962612
        0.60272028,       0.241859042
       0.544745725,      0.0873817488
        0.56740888,      0.0476577974
       0.498932821,      -0.104831751
       0.474953152,     -0.0736882661
         0.4742401,      -0.216696694
       0.395546098,      -0.185365037
       0.458870536,      -0.290877921
       0.333503789,      -0.317961882
       0.409256847,      -0.352893719
       0.295629453,      -0.492610786
       0.278450026,      -0.507782026
       0.166785317,      -0.669589926
      0.0112272137,      -0.669298654
      -0.134839961,       -0.71529593
      -0.345048924,      -0.627912356
      -0.434853367,      -0.503476824
      -0.511330566,       -0.38615083
      -0.527665367,      -0.251997464
       -0.51326003,      -0.158632075
      -0.503824376,     -0.0886642587
      -0.483123793,     -0.0185449553
      -0.459438941,      0.0162664457
      -0.471456134,      0.0731678838
      -0.436858446,       0.125732663
      -0.461400746,       0.150872748
      -0.439811064,       0.251601597
      -0.430109792,        0.26675655
      -0.446935402,       0.418552978
      -0.336881511,        0.46681591
      -0.345089158,       0.600082561
      -0.112501078,        0.69748192
     -0.0283662598,       0.704211021
       0.233760611,       0.754264943
       0.332580564,        0.54956149
       0.439881153,       0.552225052
         0.5110992,       0.297959279
        0.47324956,       0.315002656
       0.562662777,       0.122017958
       0.447201416,       0.122039076
       0.560305228,      0.0225342624
       0.437359968,     -0.0265168644
       0.538923686,     -0.0625483752
       0.431560496,      -0.163419933
       0.513208452,      -0.176396123
       0.412762837,      -0.327813947
       0.450648439,      -0.329731618
       0.334408407,      -0.532198213
       0.268615463,      -0.507342661
       0.124745674,      -0.682731848
     -0.0352196814,      -0.558685155
      -0.133099439,      -0.627987846
      -0.277895227,      -0.432069143
      -0.272753065,      -0.456259735
       -0.39003648,      -0.278469254
      -0.312903526,      -0.286060158
       -0.42468631,      -0.171426495
      -0.321333306,      -0.159394679
      -0.442597321,      -0.106328844
      -0.331970727,     -0.0500582871
      -0.445383909,     -0.0541395586
      -0.352286211,      0.0636365278
      -0.428943463,       0.020509283
      -0.383300696,       0.199735396
      -0.385818508,       0.149211756
      -0.388498562,       0.342731711
      -0.279080683,       0.318796179
      -0.280366761,       0.438544753
      -0.108020404,        0.44670459
     -0.0770206494,       0.453505258
      0.0472698387,       0.454417202
       0.102655921,       0.396654591
       0.139373605,       0.371150473
       0.209824416,       0.345415522
       0.216731512,       0.272390413
END
BEGIN
       0.999196596,   -0.000408161021
       0.999883086,      0.0186341813
       0.999526739,      0.0375525484
       0.997942809,      0.0559894621
       0.996995673,      0.0748990222
       0.995465421,      0.0946819401
       0.993264278,       0.111971414
       0.990075795,       0.130944119
       0.988040522,        0.15022501
       0.985529266,       0.167799215
       0.981848092,       0.185032055
       0.977948343,       0.203317924
       0.973512077,        0.22110891
       0.969059722,       0.238326823
       0.964330888,         0.2561483
       0.958395934,       0.273765782
       0.952656106,       0.291278163
       0.946334962,       0.308429368
       0.939413118,       0.325101151
       0.931354926,       0.343782152
       0.925007886,       0.362364747
       0.917073283,       0.379106362
        0.90984176,       0.396232849
       0.901813069,       0.412152386
       0.894415906,       0.429275112
       0.885540973,       0.445600108
        0.87838594,       0.459714487
       0.868349954,       0.476533273
       0.859122961,       0.489924552
       0.850005413,        0.50507565
       0.839429237,       0.519332672
       0.829845306,       0.531797131
       0.818870955,       0.544871347
       0.807319783,       0.556602717
        0.79469595,       0.569169061
       0.780048702,        0.57937672
       0.765497598,       0.594312959
       0.749013949,       0.609884301
       0.737234619,       0.625179108
       0.724568656,       0.641438116
       0.714203315,       0.655355366
       0.702209525,       0.667953546
       0.692201254,       0.678439598
       0.680953871,       0.690330791
       0.668898496,       0.698435928
       0.658309803,        0.70856239
       0.644967471,       0.716648194
       0.634087501,       0.724172302
       0.621103648,       0.730814498
       0.609962049,       0.735663195
       0.595700509,       0.741524741
       0.582224643,       0.742777967
       0.566158495,       0.745163825
       0.546666868,       0.746031776
       0.525710325,       0.748594841
       0.500843466,       0.755568346
       0.480884089,       0.765039865
       0.463036525,       0.777499639
       0.450095957,       0.785356324
       0.437688792,        0.79510669
       0.426169997,       0.798498648
       0.416246285,       0.802020684
       0.402813335,       0.802746433
       0.394182221,       0.801588752
       0.381990543,       0.799201079
       0.369872317,       0.794983996
       0.357344284,       0.789593713
        0.34452625,       0.779188646
       0.329518997,       0.768084811
       0.312096891,       0.751998631
       0.292355569,        0.73170401
       0.259773974,       0.704519398
       0.212660897,        0.68490744
       0.153667973,       0.681660939
       0.102160356,       0.699447979
       0.065119613,       0.726550561
      0.0420889264,       0.748850075
      0.0251687686,       0.768331116
     0.00939619409,        0.78327217
    0.000784121204,       0.797540696
     -0.0097235224,       0.806517049
     -0.0144177996,       0.812269858
     -0.0224448828,       0.817501486
      -0.024105093,       0.815108697
     -0.0271545119,       0.809771277
     -0.0340597747,       0.802719687
     -0.0374000763,        0.78733528
     -0.0513188067,       0.765256842
     -0.0697129726,       0.742698881
      -0.103791159,       0.725031114
      -0.138829002,       0.716552689
      -0.179528161,       0.720298869
      -0.200797701,       0.732646265
      -0.222105929,       0.743431897
      -0.235780783,       0.754132856
      -0.241829622,       0.763034861
       -0.25104072,       0.766229043
      -0.249950122,       0.768573858
      -0.256184623,       0.768477215
      -0.253961541,       0.762069045
      -0.253571883,       0.758030764
       -0.25308355,       0.747723481
      -0.251095331,       0.735375195
      -0.250749324,       0.713986368
      -0.248353207,       0.684454001
      -0.260762637,       0.656328437
      -0.275357229,       0.626519587
      -0.306866278,       0.596737152
       -0.34400899,       0.581202045
      -0.376025111,       0.573810417
      -0.407178169,       0.577704746
      -0.424396942,       0.584554489
      -0.441595907,       0.588122594
      -0.444676517,       0.594377663
      -0.453824732,       0.595708006
      -0.452891597,       0.594454581
      -0.454985552,       0.595323094
      -0.448566909,       0.585159212
      -0.444064306,       0.580749227
      -0.441693673,       0.567330548
      -0.429334573,       0.542594125
      -0.428093411,       0.520272522
      -0.425058248,       0.485907801
      -0.443745636,       0.451436638
       -0.46102607,       0.428383487
       -0.48690316,       0.406111666
      -0.517507935,       0.393262674
      -0.534082234,       0.392245084
       -0.55745512,       0.386779253
      -0.563593243,       0.390527193
      -0.575378387,       0.394727229
      -0.577420428,       0.395078194
      -0.574906191,       0.397753277
      -0.566184745,       0.396046361
      -0.556312067,       0.395346175
      -0.544425956,        0.38502002
       -0.51683447,       0.369079788
      -0.498987904,       0.349044434
      -0.478727747,       0.311852171
      -0.467236473,       0.264108599
      -0.480289862,       0.212418397
      -0.500585815,       0.168565751
      -0.539324448,       0.132878389
      -0.582892628,       0.118536449
      -0.614626277,       0.116893171
      -0.635739697,       0.120735644
      -0.656316055,        0.12961527
      -0.661044224,       0.138779982
      -0.668528372,       0.144952273
      -0.664918607,       0.151984829
      -0.659584111,       0.161347598
      -0.651019354,       0.165746767
       -0.63147012,       0.170335241
      -0.613533111,       0.169700277
       -0.58732297,       0.168575553
      -0.550290712,       0.154367496
      -0.509475481,        0.12155553
      -0.487537781,      0.0777811558
       -0.46711448,      0.0218695332
      -0.488344514,     -0.0611910406
      -0.521216957,     -0.0911141778
       -0.54889326,      -0.118011515
      -0.603417983,       -0.12985188
      -0.629715631,      -0.120860957
      -0.639775797,      -0.121650818
      -0.653103905,      -0.113553642
      -0.660305203,     -0.0873686561
      -0.654456218,     -0.0931667416
      -0.651882836,     -0.0844306737
      -0.637854369,     -0.0759798592
      -0.614999485,     -0.0739185682
      -0.600172016,     -0.0759217147
      -0.572013291,     -0.0860073185
      -0.543855383,      -0.116169877
      -0.525318157,      -0.147844741
      -0.512466144,      -0.201384216
      -0.531730198,      -0.234574879
      -0.547153413,      -0.263774115
      -0.588161349,      -0.286914365
      -0.612997834,      -0.287540369
      -0.623606723,      -0.285608042
       -0.63830313,      -0.287886792
      -0.644584289,      -0.259661888
      -0.648283451,      -0.267288575
      -0.646871583,      -0.256153206
      -0.638984416,      -0.250775871
      -0.629039335,      -0.240948548
      -0.620771244,      -0.236741154
      -0.605776342,      -0.235665743
      -0.580541327,      -0.242698953
       -0.56652615,      -0.249697485
      -0.538880042,      -0.267517181
      -0.532520233,      -0.286193153
      -0.519952883,      -0.313939623
      -0.528224726,      -0.337849218
      -0.533422871,      -0.355053669
      -0.543150714,      -0.365464665
      -0.553310163,      -0.370565883
      -0.559121678,       -0.37251399
      -0.564908506,      -0.370477665
      -0.563262864,      -0.366639402
END
