# Created Sun Oct 10 19:10:41 2021

CITIFILE A.01.00
NAME CM
VAR freq MAG 201
DATA S[1,1] RI
DATA S[1,2] RI
DATA S[2,1] RI
DATA S[2,2] RI
VAR_LIST_BEGIN
            300000
          42798500
          85297000
         127795500
         170294000
         212792500
         255291000
         297789500
         340288000
         382786500
         425285000
         467783500
         510282000
         552780500
         595279000
         637777500
         680276000
         722774500
         765273000
         807771500
         850270000
         892768500
         935267000
         977765500
     1.020264e+009
    1.0627625e+009
     1.105261e+009
    1.1477595e+009
     1.190258e+009
    1.2327565e+009
     1.275255e+009
    1.3177535e+009
     1.360252e+009
    1.4027505e+009
     1.445249e+009
    1.4877475e+009
     1.530246e+009
    1.5727445e+009
     1.615243e+009
    1.6577415e+009
      1.70024e+009
    1.7427385e+009
     1.785237e+009
    1.8277355e+009
     1.870234e+009
    1.9127325e+009
     1.955231e+009
    1.9977295e+009
     2.040228e+009
    2.0827265e+009
     2.125225e+009
    2.1677235e+009
     2.210222e+009
    2.2527205e+009
     2.295219e+009
    2.3377175e+009
     2.380216e+009
    2.4227145e+009
     2.465213e+009
    2.5077115e+009
      2.55021e+009
    2.5927085e+009
     2.635207e+009
    2.6777055e+009
     2.720204e+009
    2.7627025e+009
     2.805201e+009
    2.8476995e+009
     2.890198e+009
    2.9326965e+009
     2.975195e+009
    3.0176935e+009
     3.060192e+009
    3.1026905e+009
     3.145189e+009
    3.1876875e+009
     3.230186e+009
    3.2726845e+009
     3.315183e+009
    3.3576815e+009
      3.40018e+009
    3.4426785e+009
     3.485177e+009
    3.5276755e+009
     3.570174e+009
    3.6126725e+009
     3.655171e+009
    3.6976695e+009
     3.740168e+009
    3.7826665e+009
     3.825165e+009
    3.8676635e+009
     3.910162e+009
    3.9526605e+009
     3.995159e+009
    4.0376575e+009
     4.080156e+009
    4.1226545e+009
     4.165153e+009
    4.2076515e+009
      4.25015e+009
    4.2926485e+009
     4.335147e+009
    4.3776455e+009
     4.420144e+009
    4.4626425e+009
     4.505141e+009
    4.5476395e+009
     4.590138e+009
    4.6326365e+009
     4.675135e+009
    4.7176335e+009
     4.760132e+009
    4.8026305e+009
     4.845129e+009
    4.8876275e+009
     4.930126e+009
    4.9726245e+009
     5.015123e+009
    5.0576215e+009
      5.10012e+009
    5.1426185e+009
     5.185117e+009
    5.2276155e+009
     5.270114e+009
    5.3126125e+009
     5.355111e+009
    5.3976095e+009
     5.440108e+009
    5.4826065e+009
     5.525105e+009
    5.5676035e+009
     5.610102e+009
    5.6526005e+009
     5.695099e+009
    5.7375975e+009
     5.780096e+009
    5.8225945e+009
     5.865093e+009
    5.9075915e+009
      5.95009e+009
    5.9925885e+009
     6.035087e+009
    6.0775855e+009
     6.120084e+009
    6.1625825e+009
     6.205081e+009
    6.2475795e+009
     6.290078e+009
    6.3325765e+009
     6.375075e+009
    6.4175735e+009
     6.460072e+009
    6.5025705e+009
     6.545069e+009
    6.5875675e+009
     6.630066e+009
    6.6725645e+009
     6.715063e+009
    6.7575615e+009
      6.80006e+009
    6.8425585e+009
     6.885057e+009
    6.9275555e+009
     6.970054e+009
    7.0125525e+009
     7.055051e+009
    7.0975495e+009
     7.140048e+009
    7.1825465e+009
     7.225045e+009
    7.2675435e+009
     7.310042e+009
    7.3525405e+009
     7.395039e+009
    7.4375375e+009
     7.480036e+009
    7.5225345e+009
     7.565033e+009
    7.6075315e+009
      7.65003e+009
    7.6925285e+009
     7.735027e+009
    7.7775255e+009
     7.820024e+009
    7.8625225e+009
     7.905021e+009
    7.9475195e+009
     7.990018e+009
    8.0325165e+009
     8.075015e+009
    8.1175135e+009
     8.160012e+009
    8.2025105e+009
     8.245009e+009
    8.2875075e+009
     8.330006e+009
    8.3725045e+009
     8.415003e+009
    8.4575015e+009
          8.5e+009
VAR_LIST_END
BEGIN
    0.000516515761,   -0.000334782457
     0.00734623637,      0.0423122644
      0.0265851183,      0.0785403462
      0.0542711012,       0.106987579
       0.089889774,       0.126912029
       0.127017218,       0.134533821
        0.16327698,       0.131932019
       0.197048739,       0.120648468
       0.225500458,       0.100154387
       0.244947181,      0.0738222714
       0.254827272,      0.0449918662
       0.258392401,      0.0157478507
       0.252433889,     -0.0097560986
       0.240051528,      -0.032143624
       0.222446107,     -0.0483282616
       0.202552706,     -0.0584302706
       0.181511152,     -0.0591849063
       0.163464622,     -0.0523121364
       0.149599213,     -0.0406419657
       0.142424849,     -0.0250714824
       0.143169896,    -0.00764124738
       0.149041543,      0.0096605656
       0.162949484,      0.0223100636
       0.180872537,      0.0308988963
       0.201956926,      0.0332892185
       0.222473694,      0.0293301166
       0.242125167,      0.0173009567
       0.259611191,     0.00263098917
       0.270153372,     -0.0166547894
       0.275829183,     -0.0375252839
       0.276296228,     -0.0606183185
       0.271765583,     -0.0805544527
        0.26446158,     -0.0975949285
       0.252896081,      -0.110260211
       0.240091965,      -0.117938196
       0.228042793,      -0.123389784
       0.217354843,      -0.123647471
       0.209447847,      -0.121030984
       0.205635177,      -0.116219413
       0.206946226,      -0.112569452
       0.211101667,      -0.109852131
       0.217185781,      -0.110716418
       0.225347876,      -0.116057211
       0.235133282,      -0.125197156
       0.242608862,      -0.135764639
       0.246073611,      -0.150947854
       0.247502386,      -0.169314563
       0.245791264,      -0.188071158
       0.238179131,      -0.205597193
       0.226901185,      -0.224736363
       0.213088508,      -0.239986665
       0.196310688,      -0.252531444
       0.175231632,      -0.260138569
       0.155994171,      -0.264250226
       0.136779588,      -0.262683529
       0.120578954,      -0.256882953
       0.105881813,      -0.250017837
      0.0962132211,      -0.241272271
      0.0899996036,      -0.231043531
      0.0855059286,      -0.223811706
      0.0859465703,      -0.216544851
       0.087933886,       -0.21090382
      0.0895799608,      -0.207782497
        0.09212371,      -0.205699075
      0.0967935009,      -0.207008115
       0.097838912,      -0.209838053
      0.0983712879,      -0.214310801
       0.101670148,      -0.219585139
      0.0988948847,      -0.226871878
      0.0979915321,      -0.230853098
      0.0959603145,      -0.239262755
      0.0916965455,      -0.241434256
      0.0878794162,      -0.250383159
      0.0872972336,      -0.253293369
        0.08411668,      -0.263362873
      0.0794970922,      -0.271103529
      0.0755007651,      -0.285476923
       0.067739641,      -0.295587701
      0.0534005382,      -0.311591529
      0.0371661062,        -0.3241078
      0.0198118842,      -0.332009621
    -0.00542315602,      -0.337100506
     -0.0359021671,      -0.341108721
      -0.056654257,      -0.339137441
      -0.083669788,      -0.330351511
      -0.112687288,      -0.314205623
        -0.1340815,      -0.299467554
      -0.151666764,      -0.278143991
      -0.167242219,      -0.246499657
      -0.171672016,      -0.219869365
      -0.174656226,       -0.19334931
      -0.167959639,      -0.165312821
      -0.155624125,      -0.145521159
      -0.140225732,      -0.129321076
      -0.120672544,      -0.117752341
      -0.103673029,      -0.116875179
     -0.0848560553,      -0.121245935
     -0.0774098347,      -0.133066104
     -0.0727501405,      -0.146388763
     -0.0805912543,      -0.164989208
     -0.0892658352,      -0.176926172
      -0.112746327,      -0.186412995
      -0.135936596,       -0.19011466
      -0.166395906,      -0.188152957
      -0.195145406,      -0.171583805
      -0.225633144,      -0.146422673
      -0.250074144,      -0.113920521
      -0.269653844,     -0.0738683838
      -0.277368657,     -0.0305002579
      -0.272886678,      0.0187154392
       -0.26048183,      0.0672004332
      -0.238602877,       0.114593581
      -0.206797165,       0.152749456
      -0.165002192,       0.189378904
      -0.120967588,       0.210800013
      -0.072986814,       0.225870464
      -0.024152958,       0.223766901
      0.0268584867,       0.219512416
      0.0606036405,       0.200097131
      0.0937327552,       0.180715852
       0.116022652,       0.150116843
       0.128237855,       0.124872117
       0.131678711,       0.103845343
       0.126364621,      0.0848122388
       0.118988595,      0.0751741406
       0.113494669,      0.0741678772
       0.109849281,      0.0823670333
       0.107859743,      0.0928456987
       0.115759445,       0.104402194
       0.131331639,       0.119357435
       0.153322415,        0.13161747
       0.171973087,       0.142674926
       0.206006001,        0.14085741
       0.236397997,       0.139970707
       0.270010154,       0.127882098
       0.291820948,       0.117256266
       0.320632644,      0.0837853056
        0.33791249,      0.0689275767
       0.359793443,      0.0400507012
       0.363652243,      0.0165174542
       0.368268887,     -0.0122749172
       0.369091759,     -0.0406476049
       0.368678341,     -0.0617924459
       0.364878328,     -0.0797379902
       0.361199154,     -0.0967644818
       0.353982898,      -0.113633118
       0.350383969,      -0.125398589
       0.346293875,      -0.138734437
       0.335151069,      -0.155145279
       0.324253661,      -0.166782432
       0.310961466,      -0.174702021
        0.29408106,      -0.178310125
        0.28402639,      -0.180925035
       0.277561296,      -0.172883834
       0.270370107,      -0.168815827
       0.261464383,      -0.159708288
       0.254264469,      -0.155568642
        0.25567973,      -0.139486677
       0.261184401,       -0.11701737
       0.268411483,     -0.0961159726
       0.297275041,     -0.0721794655
       0.332967681,     -0.0681651885
       0.385724304,      -0.050923185
       0.434648509,     -0.0659108363
       0.482082479,     -0.0986973565
       0.523886565,      -0.149570611
       0.580263657,      -0.215379361
       0.571442798,      -0.283086918
       0.581684374,      -0.345072227
       0.550063747,      -0.433192711
       0.520356592,      -0.493793244
       0.472358208,      -0.545351472
       0.418716051,      -0.590246268
       0.346215997,      -0.615792914
       0.291329359,      -0.638026144
       0.205177006,      -0.631976643
       0.158627894,      -0.632491137
      0.0751891159,      -0.612627361
      0.0431172454,      -0.560156205
     -0.0163087854,      -0.519307822
     -0.0553739519,      -0.459038495
     -0.0688490489,      -0.385473257
     -0.0551132858,      -0.333822142
     -0.0357538724,      -0.238824443
      0.0416717982,      -0.184688816
       0.117879815,      -0.167362029
       0.208043501,      -0.186009708
       0.293104561,      -0.248941917
        0.33557193,      -0.327836006
       0.315982285,      -0.415508492
       0.302885309,      -0.504014537
       0.236934367,      -0.571148618
       0.183980273,      -0.606005416
      0.0941274683,      -0.647787692
      0.0345226968,      -0.642452052
     -0.0450628873,      -0.642739564
      -0.123247952,      -0.616228147
      -0.180378574,      -0.586204063
      -0.238762058,      -0.538833223
       -0.29159413,      -0.472636733
      -0.329686842,      -0.410498587
END
BEGIN
       0.999116818,    -0.00153279893
       0.985638868,      -0.150949169
       0.949215034,      -0.294264508
       0.890766901,      -0.428517776
       0.814060672,      -0.549989839
       0.722310145,      -0.656608466
        0.61752808,      -0.748232127
       0.504392601,      -0.822303145
       0.383985321,      -0.879540369
       0.258202573,      -0.922812434
       0.128867101,      -0.946797092
    -0.00274945691,      -0.956564577
      -0.135120172,      -0.949033525
      -0.266998121,      -0.923299088
      -0.397484755,       -0.87904301
      -0.519293221,      -0.816017251
      -0.633666218,        -0.7357537
      -0.736738121,      -0.638289127
      -0.823834726,      -0.521648272
      -0.889183803,      -0.394200964
      -0.935300367,      -0.260189216
      -0.961576546,      -0.118460407
      -0.960683374,      0.0239746599
       -0.93912791,        0.15829072
      -0.903537366,       0.287859623
      -0.848609073,       0.411316507
      -0.774863882,       0.520154883
      -0.695566218,        0.61600289
       -0.60583771,       0.705638375
      -0.499260624,       0.781081297
      -0.390300938,       0.839250253
      -0.274200099,       0.889254589
      -0.145318866,        0.92251226
     -0.0159058909,       0.935637869
       0.116185197,       0.935380669
       0.255387961,       0.913085518
       0.385435364,       0.864623709
       0.506420436,       0.802100515
       0.623757683,       0.720891066
        0.72356998,       0.612797749
       0.796747384,       0.497021827
        0.85465894,       0.377296621
       0.900032814,       0.246200826
        0.91348121,       0.108195315
       0.904398862,     -0.0138418415
        0.89754035,      -0.131371048
        0.86823824,      -0.264860528
       0.804960077,      -0.375430419
       0.753953026,      -0.463497486
       0.694777979,       -0.57212655
       0.600392055,      -0.666563226
       0.506855261,       -0.73371298
       0.410947625,      -0.802550179
       0.297711939,      -0.860593546
        0.17587408,      -0.903323266
      0.0398014223,      -0.929544122
     -0.0943846847,      -0.926185693
      -0.226995481,      -0.917831916
       -0.38081246,      -0.885362729
       -0.52019473,      -0.799605598
      -0.614583193,      -0.707791997
      -0.724907286,      -0.629209114
      -0.836094174,       -0.48208374
      -0.858820306,      -0.320809079
      -0.869446054,      -0.221949385
      -0.918711717,     -0.0909496799
      -0.890696089,      0.0789772959
      -0.823497753,       0.174457448
      -0.808095388,       0.253303527
      -0.773842086,       0.382254313
      -0.681920181,       0.475906639
      -0.620850896,       0.526310273
      -0.577726159,       0.608930614
      -0.493549487,       0.706778078
      -0.385287646,       0.772666025
      -0.279807612,       0.824056012
      -0.162911627,       0.872424765
     -0.0240078775,        0.90415897
       0.134948607,       0.900535649
         0.2776603,       0.838739656
       0.362558894,       0.772593973
         0.4744259,       0.751946491
       0.624257098,       0.631365393
       0.634613056,       0.486439501
       0.659871912,       0.476235528
       0.814723351,       0.366871097
       0.790039015,       0.169600153
       0.741655368,       0.147703644
       0.862438713,      0.0791028641
       0.842793627,      -0.135541631
       0.755925707,      -0.191917799
       0.797869448,      -0.254468685
       0.769169426,      -0.431642151
       0.666636581,      -0.524879579
       0.616936173,      -0.600978402
       0.534595293,      -0.714692767
       0.418783595,      -0.794550871
       0.297390279,      -0.863589333
       0.141370202,      -0.904935554
     0.00767071627,      -0.892170012
      -0.105399633,      -0.910685878
      -0.301829433,      -0.892117017
      -0.417796132,      -0.761188251
      -0.462463019,      -0.721997621
      -0.630714999,      -0.669990751
      -0.697944659,      -0.481816093
      -0.682772672,      -0.420752335
      -0.795562668,         -0.355389
      -0.819375644,      -0.170450423
        -0.7830717,     -0.0959992419
      -0.826307184,     -0.0106027667
      -0.812671952,       0.128824488
      -0.778772518,       0.218998211
      -0.756706556,       0.324245191
      -0.705753643,       0.421644053
      -0.662973075,        0.52391377
      -0.572641166,        0.62812151
      -0.488349169,       0.685844367
       -0.40802965,       0.779884738
      -0.263995372,       0.841742751
      -0.153104902,       0.862299251
     -0.0255840879,       0.905848394
       0.133014717,       0.896294449
       0.256784329,       0.864388109
        0.39260451,       0.828069142
       0.520831113,       0.752322428
       0.626063803,       0.660138953
       0.717401923,       0.557421737
       0.796065302,       0.437681532
       0.843546463,       0.302724635
       0.869146467,       0.186095476
       0.899030726,      0.0469705308
       0.871614408,     -0.0983495141
       0.842226903,      -0.196746972
       0.827503876,      -0.335762826
       0.728820906,      -0.462917249
       0.658470331,      -0.523080719
       0.601013193,      -0.634282443
       0.465013302,       -0.72365663
       0.362289513,      -0.744632178
       0.276384852,       -0.80634512
       0.130306859,      -0.848667644
     0.00563385575,      -0.828441485
     -0.0902813744,       -0.82584462
      -0.216550111,      -0.818595908
      -0.340592235,      -0.767046122
       -0.43758831,      -0.706656746
      -0.533353586,      -0.645136126
      -0.627355334,      -0.562605737
      -0.703418047,      -0.464008819
      -0.765950471,      -0.358894779
      -0.816331265,      -0.244156367
       -0.85175636,      -0.118502539
      -0.863753881,      0.0199962595
      -0.848038877,       0.157201691
      -0.809162979,       0.290928432
      -0.745709983,       0.407403955
       -0.68003156,        0.52298213
      -0.558648946,       0.634905536
      -0.433950988,       0.663965388
      -0.373147257,       0.723071962
      -0.195795675,       0.801756221
     -0.0600462341,       0.716392328
     -0.0516697869,       0.728531125
       0.142116614,       0.783984425
       0.238777663,       0.615229705
       0.199224195,       0.614291298
       0.374329999,        0.65408051
       0.435835048,       0.471789439
       0.401194658,       0.474382147
       0.540193169,       0.459914837
       0.559523978,       0.321398933
       0.579075831,        0.31537337
       0.674242073,       0.217665737
       0.652265159,       0.132608441
       0.736615211,      0.0908774881
        0.74962494,      -0.104669774
       0.680475922,      -0.130546495
       0.793659088,      -0.228900786
       0.688997226,      -0.491591634
       0.568095698,      -0.474472396
       0.602049175,      -0.611448723
       0.408048445,      -0.781725218
       0.255807876,      -0.759894899
       0.149431104,      -0.804621634
     0.00955360994,      -0.802789558
       -0.13053679,      -0.796276162
      -0.255534671,      -0.704206307
      -0.300467739,      -0.661967672
      -0.425398224,      -0.623528078
      -0.481791369,      -0.512104256
      -0.541524289,      -0.469116753
      -0.607528844,      -0.346440129
       -0.58941814,      -0.282286453
      -0.674654831,      -0.240244729
      -0.695699678,     -0.0629402124
      -0.629211697,      -0.024002801
      -0.701533234,      0.0282481618
      -0.685034365,       0.194752037
      -0.612476218,       0.247834964
      -0.619421018,       0.321649819
END
BEGIN
        1.00034826,     -0.0013989071
       0.985959747,      -0.151104201
       0.948936805,      -0.294437404
       0.890737011,      -0.428603793
       0.814196413,      -0.550326664
       0.721453526,      -0.657009998
       0.618524448,      -0.747640683
       0.504256516,      -0.821924234
       0.383669082,      -0.879485193
       0.257479535,      -0.921588371
       0.129782605,      -0.946633317
    -0.00127599487,      -0.955381711
      -0.135406925,      -0.947792353
      -0.264213823,      -0.922261547
      -0.395425286,       -0.88009215
      -0.515222273,      -0.815994445
      -0.632691966,      -0.738918501
      -0.733533461,       -0.63786863
      -0.820837544,      -0.528184272
      -0.889973537,      -0.397737597
      -0.936771546,      -0.266390827
      -0.963098562,      -0.121609441
      -0.965047747,      0.0155502044
      -0.949015167,       0.158435449
       -0.90872082,       0.285772301
      -0.857210915,       0.413339519
      -0.783621547,       0.523191208
      -0.704052984,       0.627067175
      -0.602862159,       0.713777148
      -0.501891616,       0.790161435
      -0.383847625,       0.850588489
      -0.265496781,       0.894527123
      -0.136405747,       0.924118576
     -0.0058846035,       0.935408338
       0.125582216,       0.925775552
       0.256809831,       0.902453354
       0.380111068,       0.854532274
       0.502387752,       0.798033218
        0.60911729,        0.70924028
       0.706818596,       0.622942877
       0.786669179,       0.506127979
       0.851173029,       0.395011191
        0.89727859,       0.259613442
       0.921334893,       0.135101221
       0.929786596,    -0.00387387527
       0.912866645,      -0.132559272
       0.885014291,      -0.261239779
       0.832202504,      -0.381010344
       0.770494813,      -0.490946433
       0.687859303,      -0.595020381
       0.600546975,      -0.677153172
       0.496571961,      -0.756769642
       0.391853694,       -0.80879823
       0.273781991,      -0.864345329
       0.156686353,      -0.884676763
      0.0323188468,      -0.910583485
     -0.0942040598,      -0.901802459
      -0.220660453,      -0.893627328
      -0.347820859,      -0.853094466
      -0.474263337,      -0.801999882
      -0.586332856,      -0.722781965
      -0.692137379,      -0.633368268
      -0.778613534,      -0.521189283
      -0.849140629,      -0.398779926
      -0.893850778,      -0.266750112
      -0.919996717,      -0.129433984
      -0.922213497,     0.00418233467
      -0.907620033,       0.141217534
       -0.86810186,       0.262000162
      -0.821780594,       0.386250661
      -0.749588572,       0.487896811
      -0.679523644,       0.592537903
      -0.575815687,       0.672228898
      -0.492601771,       0.748905034
      -0.361530586,       0.808299992
      -0.268889508,       0.842543605
      -0.121706975,        0.88832824
     -0.0275354337,       0.871300404
       0.124149023,       0.915002342
       0.242210574,       0.830728691
       0.362547706,       0.853452216
         0.4960859,       0.719464393
       0.568575067,       0.707248133
       0.702460532,       0.546779793
       0.716888692,       0.491715059
       0.830589577,       0.337677202
        0.80750806,        0.24618015
       0.879538086,       0.117267115
       0.843837846,     0.00152102412
       0.862170462,        -0.1140269
       0.824743194,      -0.228474458
         0.7938408,      -0.341491735
       0.749249109,      -0.446075378
       0.669749844,      -0.561732401
       0.609348873,      -0.643581259
       0.480683828,      -0.745487185
       0.405828128,      -0.803446897
       0.224450391,      -0.871403077
       0.152731842,      -0.877770063
     -0.0594376302,      -0.909602592
      -0.117427007,       -0.85528886
       -0.32239593,      -0.852881353
      -0.365276588,      -0.745170113
      -0.529277357,      -0.719621375
      -0.561184811,      -0.583497495
      -0.668859016,      -0.532146057
      -0.692762656,      -0.402287573
      -0.757013568,      -0.326611708
      -0.764848569,      -0.216289333
      -0.812394022,       -0.11184127
      -0.785444509,     -0.0133588304
      -0.824482443,      0.0965365387
      -0.763339605,       0.197089211
      -0.790788156,        0.30609226
      -0.693518788,       0.416041685
      -0.690157747,        0.50568055
      -0.572708496,       0.619119092
       -0.52206374,       0.695280451
      -0.382414538,       0.780894096
      -0.292926582,       0.831106244
      -0.140503157,       0.876325485
     -0.0214406519,       0.893197254
       0.131957388,       0.882353034
       0.257451028,       0.856598427
       0.384084988,       0.797860576
       0.507526076,       0.737474526
       0.589517846,       0.631185956
       0.694561037,       0.560460567
       0.738181213,       0.416314877
       0.812326144,       0.347924204
       0.829427418,       0.173001061
       0.851724972,       0.112034092
       0.857306534,     -0.0673548483
       0.829346812,      -0.132300683
       0.825444098,      -0.301630936
       0.743438733,      -0.377651422
        0.71634002,       -0.50701456
       0.608465791,      -0.595598311
       0.539107344,      -0.686131039
       0.414096951,      -0.761105863
       0.306778944,      -0.813801387
       0.173408174,      -0.854374099
       0.044112483,      -0.866607712
     -0.0851631505,      -0.861473934
      -0.212914088,      -0.835026247
      -0.333116068,      -0.792272115
      -0.447346195,      -0.730867786
      -0.546959408,      -0.653998799
      -0.636975479,       -0.56445702
      -0.706996861,      -0.462586792
      -0.769570842,      -0.358312993
      -0.811481044,       -0.23369694
      -0.839523101,       -0.12030889
      -0.851298474,      0.0173698359
      -0.833362362,       0.136481835
      -0.812520177,       0.273821623
      -0.750412157,       0.389252704
      -0.685457534,       0.507143366
      -0.591048458,         0.6017053
       -0.48241669,       0.694457418
      -0.364569682,       0.741008161
      -0.225790508,       0.802102438
      -0.101420425,       0.780917322
      0.0319267077,        0.81167457
       0.150836511,       0.722371781
       0.244119405,       0.730201642
       0.351413224,       0.604426466
       0.395498317,       0.592599926
       0.485224956,       0.458176188
       0.490348203,       0.440426959
       0.564132818,       0.306383765
       0.539467357,       0.291890091
        0.61900619,       0.169701565
        0.56339896,       0.150007661
       0.653279101,      0.0417882546
       0.579263538,     0.00498853389
       0.673854029,     -0.0894048265
       0.576262239,      -0.156166339
       0.665649606,       -0.24288986
       0.550130995,      -0.341124798
       0.611615102,      -0.424371865
       0.462679382,      -0.553880824
       0.456818605,      -0.623257229
       0.270848064,      -0.737709798
       0.186337796,      -0.758657776
     0.00319079196,       -0.80624511
      -0.132463955,      -0.749490052
      -0.245348323,       -0.72181106
      -0.389024114,      -0.618366138
      -0.402977548,      -0.547515766
       -0.53645517,      -0.454948877
      -0.489401986,      -0.352120033
      -0.585966799,      -0.315412033
      -0.545021195,      -0.178172553
      -0.583044983,       -0.16518667
      -0.581634466,       -0.04402616
      -0.569790167,     -0.0152805108
      -0.587685066,      0.0641418629
      -0.564895626,       0.145949513
      -0.549437351,       0.183310022
      -0.559022629,       0.292849818
END
BEGIN
   -0.000563889052,    -0.00031272496
     0.00967618741,      0.0432492326
      0.0311775083,      0.0807660149
      0.0646124346,       0.107003049
       0.106121127,       0.122735095
       0.150973753,        0.12372919
       0.191506389,       0.108584454
       0.227331549,      0.0811877028
       0.254218231,      0.0433829083
       0.266926398,    -0.00291822337
       0.266110643,     -0.0529026291
       0.249321122,      -0.101077835
       0.218997042,      -0.145444871
       0.175832508,      -0.180629619
       0.121035444,      -0.202327855
      0.0607880841,      -0.208429381
    -0.00172424791,       -0.19729763
     -0.0603755091,      -0.167699363
      -0.108497952,      -0.120890731
      -0.141042008,     -0.0608013678
      -0.156919438,     0.00610499511
      -0.150195692,      0.0760828698
       -0.12567963,       0.142181624
     -0.0812439573,       0.195415265
     -0.0239444486,       0.236257115
      0.0419476336,       0.256788685
       0.112046878,       0.259153065
       0.178577316,       0.242041255
       0.240055112,       0.203414914
       0.287283298,       0.150495902
       0.320157058,      0.0847220633
       0.333532362,      0.0105424674
       0.325439586,     -0.0676714413
        0.29443262,      -0.142241375
       0.242320378,      -0.206905141
       0.171785614,      -0.256526282
      0.0891124388,      -0.284173089
    -0.00121871392,      -0.287991097
     -0.0904387888,      -0.264350626
      -0.169665064,       -0.21569696
      -0.230648613,       -0.14624135
      -0.271680315,     -0.0639607406
      -0.285320283,      0.0279626197
      -0.274847898,       0.117471692
      -0.239066891,       0.199443335
      -0.185035138,       0.269376101
      -0.113663564,       0.319797194
     -0.0334308507,       0.349997672
      0.0520288183,       0.359365308
       0.140323441,        0.34465979
       0.217292953,       0.307305752
       0.285347352,       0.251853814
        0.33552875,        0.18065116
       0.366820895,      0.0959845034
        0.37376627,     0.00674105614
       0.356303621,     -0.0832781936
       0.316297146,       -0.16519227
       0.250182883,      -0.233661998
       0.171252487,      -0.279700732
      0.0822747511,      -0.298282814
    -0.00846547333,      -0.290906862
     -0.0861914432,       -0.25739804
      -0.150233622,      -0.204028573
      -0.190660979,      -0.135656539
      -0.207261964,     -0.0636598808
      -0.206226474,     0.00686191829
       -0.18214597,       0.069586141
      -0.145865264,       0.120098557
      -0.101547515,       0.162821587
     -0.0470231537,       0.193282383
      0.0129088741,         0.2124676
      0.0791871913,       0.219459916
       0.157521603,       0.214481615
       0.239391141,       0.184730006
       0.325764079,        0.12858186
       0.394836967,       0.034916531
       0.439139538,      -0.089440936
       0.431040749,      -0.228399617
       0.383036511,      -0.364302468
        0.28114363,      -0.475898692
       0.159454289,       -0.54248411
       0.023045749,      -0.574886772
      -0.110069975,      -0.567220432
      -0.225124318,      -0.517027398
      -0.313538505,      -0.450777415
      -0.401534009,      -0.360228771
      -0.438361985,      -0.259812952
      -0.456145477,      -0.166187756
      -0.455874306,     -0.0564686432
      -0.418448996,       0.041302338
      -0.367330736,       0.120527811
      -0.298569221,       0.192166241
      -0.204102751,        0.23843095
      -0.107505526,       0.260622253
    -0.00232020566,       0.257002907
       0.100690313,       0.221872542
       0.188426135,       0.158546321
       0.256841584,      0.0696193486
       0.295358339,      -0.031312897
       0.306959809,      -0.142413261
       0.275441765,      -0.246667267
       0.222268246,      -0.339221688
       0.156492469,      -0.413791727
      0.0687131183,      -0.460931871
     -0.0199033522,      -0.474554949
      -0.109661892,      -0.476313913
      -0.190975098,      -0.451472452
      -0.251072998,      -0.413370915
      -0.308705518,      -0.363128126
      -0.346313032,      -0.302303963
      -0.367571404,      -0.240035423
      -0.379934213,      -0.174837462
      -0.373772078,      -0.113131606
      -0.351952458,     -0.0527379959
      -0.323810091,    -0.00291636417
      -0.283264591,      0.0402773342
      -0.235734982,      0.0748822217
      -0.180072739,      0.0958225801
      -0.125920854,       0.105211044
     -0.0742133371,        0.10271755
     -0.0161819482,      0.0849279797
      0.0307791496,      0.0593759691
      0.0702887451,      0.0203858187
      0.0978076946,     -0.0215000181
       0.116015463,     -0.0673927907
        0.11901518,      -0.112615535
       0.116391383,      -0.155103235
      0.0981083013,      -0.195391018
        0.07139244,       -0.22694154
      0.0466530038,      -0.253674185
      0.0135988417,      -0.264356216
     -0.0147593227,      -0.269500666
     -0.0463113844,      -0.267527435
     -0.0767167399,      -0.255725292
     -0.0973523927,      -0.240187154
      -0.119071051,      -0.223803996
      -0.125884389,      -0.192260119
      -0.136075217,      -0.161147123
       -0.13894645,      -0.136661927
      -0.124344045,      -0.106293625
      -0.114384426,     -0.0818727767
     -0.0994733726,     -0.0592536717
     -0.0763859178,     -0.0388321901
       -0.05537401,      -0.032783932
     -0.0328900279,     -0.0215650131
     -0.0105733933,     -0.0144006259
      0.0121660426,     -0.0118033618
      0.0337518664,     -0.0118017677
      0.0557831023,     -0.0179784552
      0.0760931372,      -0.030573507
      0.0904633842,     -0.0422469742
       0.100578048,     -0.0544007501
       0.104657833,     -0.0716126558
       0.103534037,     -0.0882976359
      0.0909198042,      -0.102079964
      0.0757994097,       -0.11002827
       0.052021875,      -0.110771334
      0.0307006165,       -0.10680977
     0.00413627769,     -0.0849540799
     -0.0185825867,     -0.0571961569
     -0.0304455906,     -0.0204270587
     -0.0361558433,      0.0314269658
     -0.0299385215,      0.0733825222
     -0.0178237991,       0.121623133
      0.0145632148,       0.172687015
      0.0528822346,       0.206559003
      0.0879626593,         0.2513407
       0.144503388,       0.270056507
       0.193389314,       0.285320657
        0.25024636,       0.294741334
        0.31039995,        0.29697696
       0.356805145,       0.286117498
       0.404817967,       0.269224423
       0.450871969,       0.237083016
       0.487836647,       0.211041257
       0.526558745,       0.158268331
       0.544207603,       0.119113929
       0.560538845,        0.06810243
       0.547881407,     0.00825872665
        0.52194009,     -0.0413772205
       0.496813645,     -0.0934461972
       0.436723141,        -0.1448215
        0.37080702,      -0.132028735
       0.289121882,      -0.138513636
       0.217312018,      -0.094682475
       0.159830818,     -0.0355757843
       0.131820354,      0.0467561266
       0.127981153,       0.135366444
       0.148700147,       0.211887687
       0.194312076,       0.278270509
        0.24383365,       0.329294012
       0.309038105,       0.360590747
       0.362589623,       0.384684573
       0.431185711,       0.385220619
       0.481034116,       0.378110083
       0.534357803,       0.357871336
       0.575671442,       0.335964752
       0.612144305,       0.301446344
       0.639886294,       0.261175444
       0.653891445,       0.223300758
        0.66718532,       0.171435641
END
