# Created Sun Oct 10 18:46:34 2021

CITIFILE A.01.00
NAME CM
VAR freq MAG 201
DATA S[1,1] RI
DATA S[1,2] RI
DATA S[2,1] RI
DATA S[2,2] RI
VAR_LIST_BEGIN
            300000
          42798500
          85297000
         127795500
         170294000
         212792500
         255291000
         297789500
         340288000
         382786500
         425285000
         467783500
         510282000
         552780500
         595279000
         637777500
         680276000
         722774500
         765273000
         807771500
         850270000
         892768500
         935267000
         977765500
     1.020264e+009
    1.0627625e+009
     1.105261e+009
    1.1477595e+009
     1.190258e+009
    1.2327565e+009
     1.275255e+009
    1.3177535e+009
     1.360252e+009
    1.4027505e+009
     1.445249e+009
    1.4877475e+009
     1.530246e+009
    1.5727445e+009
     1.615243e+009
    1.6577415e+009
      1.70024e+009
    1.7427385e+009
     1.785237e+009
    1.8277355e+009
     1.870234e+009
    1.9127325e+009
     1.955231e+009
    1.9977295e+009
     2.040228e+009
    2.0827265e+009
     2.125225e+009
    2.1677235e+009
     2.210222e+009
    2.2527205e+009
     2.295219e+009
    2.3377175e+009
     2.380216e+009
    2.4227145e+009
     2.465213e+009
    2.5077115e+009
      2.55021e+009
    2.5927085e+009
     2.635207e+009
    2.6777055e+009
     2.720204e+009
    2.7627025e+009
     2.805201e+009
    2.8476995e+009
     2.890198e+009
    2.9326965e+009
     2.975195e+009
    3.0176935e+009
     3.060192e+009
    3.1026905e+009
     3.145189e+009
    3.1876875e+009
     3.230186e+009
    3.2726845e+009
     3.315183e+009
    3.3576815e+009
      3.40018e+009
    3.4426785e+009
     3.485177e+009
    3.5276755e+009
     3.570174e+009
    3.6126725e+009
     3.655171e+009
    3.6976695e+009
     3.740168e+009
    3.7826665e+009
     3.825165e+009
    3.8676635e+009
     3.910162e+009
    3.9526605e+009
     3.995159e+009
    4.0376575e+009
     4.080156e+009
    4.1226545e+009
     4.165153e+009
    4.2076515e+009
      4.25015e+009
    4.2926485e+009
     4.335147e+009
    4.3776455e+009
     4.420144e+009
    4.4626425e+009
     4.505141e+009
    4.5476395e+009
     4.590138e+009
    4.6326365e+009
     4.675135e+009
    4.7176335e+009
     4.760132e+009
    4.8026305e+009
     4.845129e+009
    4.8876275e+009
     4.930126e+009
    4.9726245e+009
     5.015123e+009
    5.0576215e+009
      5.10012e+009
    5.1426185e+009
     5.185117e+009
    5.2276155e+009
     5.270114e+009
    5.3126125e+009
     5.355111e+009
    5.3976095e+009
     5.440108e+009
    5.4826065e+009
     5.525105e+009
    5.5676035e+009
     5.610102e+009
    5.6526005e+009
     5.695099e+009
    5.7375975e+009
     5.780096e+009
    5.8225945e+009
     5.865093e+009
    5.9075915e+009
      5.95009e+009
    5.9925885e+009
     6.035087e+009
    6.0775855e+009
     6.120084e+009
    6.1625825e+009
     6.205081e+009
    6.2475795e+009
     6.290078e+009
    6.3325765e+009
     6.375075e+009
    6.4175735e+009
     6.460072e+009
    6.5025705e+009
     6.545069e+009
    6.5875675e+009
     6.630066e+009
    6.6725645e+009
     6.715063e+009
    6.7575615e+009
      6.80006e+009
    6.8425585e+009
     6.885057e+009
    6.9275555e+009
     6.970054e+009
    7.0125525e+009
     7.055051e+009
    7.0975495e+009
     7.140048e+009
    7.1825465e+009
     7.225045e+009
    7.2675435e+009
     7.310042e+009
    7.3525405e+009
     7.395039e+009
    7.4375375e+009
     7.480036e+009
    7.5225345e+009
     7.565033e+009
    7.6075315e+009
      7.65003e+009
    7.6925285e+009
     7.735027e+009
    7.7775255e+009
     7.820024e+009
    7.8625225e+009
     7.905021e+009
    7.9475195e+009
     7.990018e+009
    8.0325165e+009
     8.075015e+009
    8.1175135e+009
     8.160012e+009
    8.2025105e+009
     8.245009e+009
    8.2875075e+009
     8.330006e+009
    8.3725045e+009
     8.415003e+009
    8.4575015e+009
          8.5e+009
VAR_LIST_END
BEGIN
        1.00115086,    -0.00302716935
       0.942934481,      -0.331506036
       0.779956214,      -0.623610846
       0.527339945,      -0.848704257
       0.219447081,      -0.976337656
       -0.11598427,      -0.991476985
       -0.44097414,      -0.892351926
      -0.710083576,      -0.695652951
      -0.896309037,      -0.422135279
      -0.981430174,       -0.10446805
      -0.956401305,       0.217703925
      -0.832597926,       0.509710029
      -0.629635356,       0.746175468
      -0.362079565,       0.904341178
     -0.0612427746,       0.965333691
       0.243393219,       0.941376517
       0.528643873,       0.819168161
       0.762727817,       0.607875163
       0.922164612,       0.328945851
       0.983419152,     0.00447200829
       0.931028963,      -0.330817146
       0.760538093,      -0.635055421
       0.485401851,       -0.86250786
       0.144094748,      -0.981254545
      -0.213631492,      -0.963973502
      -0.536185084,      -0.818934063
      -0.783937461,      -0.577705963
      -0.926277149,      -0.276938728
      -0.958636095,      0.0441983682
      -0.888466831,       0.343532796
      -0.733734555,        0.59659379
      -0.515713581,       0.790453455
      -0.257377431,        0.90850581
      0.0209259295,       0.943100476
       0.304208456,       0.896511748
       0.564034739,       0.766676795
       0.780501042,       0.555620856
        0.92498095,       0.273137822
       0.969502986,     -0.0570864857
        0.89086533,      -0.398816354
       0.684954152,      -0.701059912
       0.368196984,      -0.905621432
      -0.010977862,      -0.970707913
      -0.377991553,      -0.887475131
      -0.674544678,      -0.672903885
      -0.863371164,      -0.378398357
      -0.932429029,      -0.052790196
      -0.887722352,       0.261731359
       -0.75491594,       0.533682273
      -0.550549937,       0.741020653
       -0.29599026,       0.871833685
       -0.01792281,        0.92560729
       0.264415829,       0.892797777
       0.528920427,        0.77157893
       0.755405442,       0.568721998
       0.909828092,       0.290869049
       0.965351317,     -0.0429933475
       0.889102627,      -0.390500016
        0.68124692,      -0.694656437
       0.358657902,      -0.903614072
     -0.0135777706,      -0.962743708
       -0.36827321,      -0.873898028
      -0.655111056,      -0.666678467
      -0.833872096,      -0.388165089
      -0.903476888,     -0.0860574091
      -0.874371152,       0.201174484
      -0.767249845,       0.451754159
      -0.599141538,        0.65563685
      -0.388074297,       0.801549118
      -0.147382935,       0.882672917
       0.111362931,       0.893821062
       0.369750061,       0.833347991
        0.61074797,       0.692788659
       0.808683511,       0.473108106
       0.931599912,         0.1825054
       0.942963203,      -0.158308954
       0.826323336,      -0.495654279
       0.577959262,      -0.765676868
       0.232167709,      -0.914982723
      -0.134566832,      -0.917967616
      -0.454955832,      -0.783368032
      -0.688768515,      -0.552045205
      -0.818992013,      -0.275886293
      -0.847460476,     0.00510918599
      -0.793591957,       0.266274821
      -0.672456331,       0.489175762
      -0.501491973,       0.662127185
      -0.291423621,       0.785219948
     -0.0502655096,       0.843123347
       0.203768646,       0.829255219
       0.455026853,       0.743365867
       0.681816578,       0.568095343
       0.850656764,        0.30959119
       0.918882785,     -0.0142078817
       0.853155483,      -0.356960745
       0.644849907,      -0.662833156
       0.328674542,      -0.850878531
     -0.0248926807,      -0.889320388
       -0.34922127,      -0.791090679
      -0.591079924,      -0.596210882
      -0.739021814,      -0.351192754
      -0.796478235,     -0.0941185842
      -0.777837889,       0.151560219
      -0.693721905,       0.367216401
      -0.565063095,       0.546575087
       -0.39705112,       0.687170233
      -0.194309479,         0.7792528
      0.0273928818,        0.81976429
       0.265975166,       0.793481202
       0.504697356,       0.695224019
       0.714701008,       0.513879612
       0.863443423,       0.247800853
       0.908718077,     -0.0871696358
       0.814405709,      -0.429091824
       0.565276306,      -0.701701085
       0.220990401,      -0.852369638
      -0.135264352,      -0.836358341
      -0.433257935,      -0.684972876
      -0.633499421,      -0.452502085
      -0.729327415,      -0.191825989
       -0.73805212,      0.0623889825
      -0.673395086,       0.291297069
      -0.554835815,       0.481147329
      -0.398543538,       0.632520182
      -0.206695824,       0.732940063
      0.0116095853,       0.784473949
       0.241082827,       0.776131407
       0.471372922,       0.696327922
       0.685157564,       0.535161545
       0.848898939,       0.297405878
       0.919624712,     0.00749194331
       0.872971086,      -0.324338793
        0.68789425,      -0.622188762
       0.396422986,      -0.815269062
      0.0564634994,      -0.867279006
      -0.254985023,      -0.786006883
      -0.493769359,      -0.609821954
      -0.641199429,      -0.383726642
      -0.708573135,      -0.142187571
      -0.698051151,        0.08641639
      -0.636578763,       0.292805822
      -0.523941531,       0.469901672
      -0.369699406,       0.611863782
      -0.182775452,       0.718104822
      0.0387714146,       0.774751217
       0.285461367,       0.759993561
         0.5408648,       0.657885627
         0.7609769,       0.451728645
       0.899853541,       0.149484789
       0.905734299,      -0.206387583
       0.745468238,      -0.539348116
       0.449114477,      -0.775355876
      0.0931006589,      -0.853249041
        -0.2311378,      -0.774587889
      -0.476257068,      -0.597115994
      -0.625152619,      -0.370307711
      -0.689043097,      -0.140847662
      -0.684578211,      0.0769235132
      -0.626998894,       0.271762475
      -0.529192986,       0.442603921
      -0.397937347,       0.578724949
      -0.237732454,       0.678829579
     -0.0504288942,       0.740795545
       0.161562401,       0.755623421
       0.391032349,       0.710894096
       0.617109321,       0.578668019
       0.813218824,        0.34732763
       0.909817185,      0.0146831895
       0.836678973,      -0.358214499
       0.581368893,      -0.675175809
       0.210134962,       -0.81266861
      -0.145590064,      -0.763421369
      -0.413918934,      -0.596096334
      -0.570817656,      -0.385871122
      -0.641950374,      -0.166570835
      -0.648205087,      0.0428532484
      -0.616361974,       0.214120032
       -0.54871797,       0.362522125
      -0.456824874,       0.493376861
      -0.349606503,         0.5998135
       -0.21947745,       0.684599179
     -0.0651269253,       0.745337134
       0.111546165,       0.772765342
       0.306199231,       0.750536241
       0.514822778,       0.674186996
       0.710684753,       0.508781204
       0.854853452,       0.244511548
       0.898792177,      -0.103039503
       0.748177517,      -0.452328638
       0.428653443,      -0.698008571
      0.0473481397,      -0.759675856
      -0.279113511,       -0.64551267
      -0.508848663,      -0.433739717
      -0.624182974,      -0.199890161
      -0.648337545,      0.0305870015
      -0.618479466,       0.246652036
      -0.542990328,       0.418555985
      -0.427773974,       0.557027835
      -0.281222738,       0.671779207
      -0.120502316,         0.7474711
      0.0674296366,       0.774468124
END
BEGIN
    0.000490758871,    0.000249990641
   5.84696682e-006,   3.25920602e-005
   4.77548405e-005,   3.64564537e-005
   6.19478635e-005,  -2.20928816e-005
   6.64096582e-006,   5.60076023e-005
   -5.6916249e-005,    4.2565941e-005
  -8.69466758e-006,   7.76910709e-005
  -2.29601243e-005,  -3.11117761e-005
  -2.34717218e-007,  -9.08335107e-005
   9.13182709e-006,   1.84015305e-005
   2.42558747e-005,   3.46991542e-006
  -4.10489607e-005,  -1.27751804e-006
    0.000116592274,   5.43854365e-005
   1.49496962e-005,   5.44238178e-006
   2.34664661e-005,  -2.52941593e-006
  -7.41870662e-005,   -0.000102087768
  -3.89567185e-007,  -5.78434626e-006
   5.14876521e-005,   6.76768956e-005
   2.25439107e-005,  -4.24319908e-005
   6.90649834e-005,  -5.23708912e-005
    7.4016606e-005,   6.11184555e-005
   4.06516419e-005,  -2.06294814e-005
   2.86257343e-005,  -4.38937549e-005
  -4.43594507e-005,  -3.80950292e-005
   8.47218627e-005,   3.35108339e-005
     2.515746e-005,   -0.000145262069
   1.76774754e-005,  -5.38486094e-006
  -2.83124226e-005,  -1.16803537e-005
   3.84905593e-005,   3.02716274e-005
   2.00737063e-005,  -9.73234857e-005
   1.99625509e-005,  -3.26070813e-005
   1.55300027e-005,   7.94137279e-006
  -3.58435024e-005,   -9.5210556e-005
   2.76371682e-005,   -0.000163600669
    0.000109383488,   -0.000120316605
  -3.04132194e-005,   -0.000154328236
   5.88663509e-006,  -1.36736979e-005
  -1.18507474e-005,   -0.000117932314
  -9.02771889e-005,    -0.00022300018
   -0.000139017419,   -0.000130976196
   -0.000160153135,  -5.69795254e-005
   -5.7562566e-005,   -0.000174767832
   -0.000105570886,  -3.27696645e-005
  -5.81872804e-005,  -2.58599371e-005
   -0.000202485623,  -3.22797941e-005
   -0.000157729588,   4.05049526e-005
   -0.000191243675,    0.000141347184
   -0.000195462774,    0.000245876847
   -0.000135204559,    0.000166421786
   3.53558714e-006,   5.51376629e-005
   -5.5318345e-006,   6.79262272e-005
  -6.41482596e-005,   6.94775706e-005
  -6.71365099e-005,    0.000133309648
   -4.2746854e-005,    0.000115771548
   -0.000118261164,    0.000141923084
  -9.98654352e-005,    0.000232191484
  -9.02387983e-006,     0.00019019515
   8.54722438e-005,    0.000194690575
    0.000168591555,     0.00026003118
    0.000181445668,     0.00019734326
    0.000139623027,   8.83307021e-005
    0.000265121659,   7.18310655e-005
    0.000284316543,  -3.32502472e-005
    0.000189720917,    0.000101139582
    0.000219009138,   8.51773377e-005
    0.000252947167,  -6.74208484e-005
    0.000268290639,  -9.08091987e-005
     0.00024448414,  -5.23431077e-005
    0.000218769572,   -0.000123380193
    0.000143555523,   -0.000168425135
   5.31936972e-005,   -0.000197859864
    0.000127082588,   -0.000202157586
   7.68723279e-005,     -0.0003539674
   1.63620944e-005,   -0.000273547664
  -7.45571367e-005,   -0.000270709779
   -0.000175425511,   -0.000343349056
  -8.92233939e-005,   -0.000370126754
   -0.000166852894,   -0.000303971608
   -0.000325923861,   -0.000199515158
   -0.000351422128,   -0.000121355269
   -0.000374098851,  -1.67861308e-005
   -0.000448475302,    0.000166083148
   -0.000248152976,    0.000250161791
   -0.000228314677,     0.00025703525
   -0.000248678824,    0.000378856086
  -5.44938722e-005,    0.000459110405
   4.62003086e-006,    0.000280391342
    0.000105737505,    0.000382273008
    0.000133956655,    0.000140173608
   4.57446117e-005,    0.000210210236
   9.57567995e-005,    0.000220041778
    0.000352067816,      0.0001465405
    0.000213672955,    0.000122423589
     0.00028916449,   7.19059963e-005
    0.000309821829,  -5.69982208e-005
    0.000266977295,  -2.37726407e-005
    0.000217792857,  -4.68637795e-005
    0.000213637848,   -4.0650952e-005
    0.000226785844,   -0.000123905367
    0.000222295214,   -0.000239854546
     0.00017638254,   -0.000321428749
   7.05958726e-005,   -0.000267988018
     0.00015601065,   -0.000292963848
    0.000295694923,   -0.000461153023
   -0.000186099974,   -0.000454826471
   4.06355981e-005,   -0.000399191888
   -0.000151196852,   -0.000442635772
  -3.49114339e-005,   -0.000314195702
   -0.000312739302,  -5.76016026e-005
   -0.000151773453,   -0.000366246389
   -0.000315116823,   -0.000121357745
   -0.000352053528,   -8.3878878e-005
   -0.000417874726,   -0.000492580608
   -0.000273928745,   -0.000274944435
   -0.000672858513,   1.90062724e-005
   -0.000399021624,   4.94363425e-006
   -0.000387773592,    0.000185892046
   -0.000192064464,    0.000513112914
    -0.00036718181,    0.000214635944
   -0.000380309402,    0.000594916483
   -0.000206929029,    0.000314574596
   -0.000224530187,    0.000692917357
   -0.000200566727,    0.000693601661
   1.87290067e-005,    0.000511180448
    0.000174974954,    0.000699944733
    0.000145496754,    0.000396902485
  -6.53610515e-006,    0.000473856572
  -1.02398043e-005,    0.000455827415
    0.000355005507,    0.000301330845
    0.000416288953,    0.000551969992
    0.000611520935,  -2.29035018e-005
    0.000736141121,   5.62172635e-005
     0.00078761538,   2.44911472e-005
    0.000667750521,    -0.00042295797
    0.000150589667,   -0.000380460353
     0.00019017638,   -0.000512236684
    0.000167293391,   -0.000542087298
   8.69807842e-005,   -0.000370280776
    0.000172026473,    -0.00026957507
   -0.000257140157,   -0.000489134111
  -6.14034485e-005,   -0.000597731322
    0.000214053265,   -0.000418010907
    -0.00026587351,   -0.000372735868
   -0.000474598443,   -0.000391364084
   -0.000530341375,   -0.000140956303
   7.84171063e-005,   -0.000128609343
   -0.000448586342,   -0.000310423919
   -0.000645516748,    -0.00029212415
   -0.000580981294,   6.72010079e-005
   -0.000280276937,   8.18709214e-005
   -0.000200247643,    0.000178581621
    9.3370322e-006,    0.000256784846
   -0.000176147256,    0.000169507629
   8.39491958e-005,  -4.67186895e-006
   -0.000294996453,    0.000201288808
   -0.000222024445,    0.000247078353
   -2.2541671e-006,    0.000281679298
   -0.000122286759,   -0.000328741268
  -5.85470635e-005,    0.000123368056
    0.000329020866,    0.000140672679
   -0.000296909506,    0.000456955899
   1.41870324e-005,   1.54835438e-005
   6.48060799e-005,   -0.000103049669
   -1.1821513e-005,   6.13559708e-005
    0.000104398844,   -4.0240873e-005
  -3.08370129e-005,    0.000213752916
  -4.09292345e-005,  -6.08157608e-006
    0.000215513365,   -0.000160106656
     0.00016100247,   -0.000118418644
  -8.68230696e-005,   -0.000246481363
   -0.000139589108,   -0.000173008967
    0.000279217456,   -0.000135733279
   -0.000117166635,     0.00020059284
  -7.13076682e-005,    0.000173927334
  -7.64059623e-005,   1.34257677e-005
  -2.72700219e-005,   6.20495146e-005
  -2.50422994e-005,    -0.00014871267
  -6.22829092e-005,    0.000196052696
  -6.52509341e-006,    0.000289465877
   -1.5112466e-005,   -0.000121198869
  -8.55629163e-005,   2.33917222e-005
  -6.82209329e-006,   3.55131021e-005
   -0.000230518668,   -0.000261527641
   -0.000257301383,   -0.000182618682
  -2.62659113e-005,   -0.000302715436
    0.000278525488,   -0.000271848895
    -0.00026342832,   -0.000344903389
   -0.000149927196,   -0.000494206163
   -0.000272836136,   -3.2892403e-005
   -0.000435955412,   3.47634233e-005
   -0.000571603189,   3.71624705e-005
   -0.000334479449,    0.000306955327
    -0.00027837032,    0.000319833388
     0.00017404666,    0.000404485307
    0.000307421533,    0.000550509903
    0.000229116747,    0.000275535504
    0.000103999949,  -5.35919775e-005
    0.000179674778,   6.57316119e-005
    0.000191505064,   -0.000283935174
   -0.000129475248,    0.000188619474
    0.000180777321,    0.000439916511
END
BEGIN
     0.00017140891,   -0.000158380678
  -2.88465031e-005,   1.25585936e-005
    4.2466602e-005,  -1.16891218e-005
  -2.52121966e-005,   4.93994125e-006
   -2.1028611e-006,   3.07205643e-005
  -4.22101288e-005,   3.20686038e-005
   4.08988403e-006,  -4.94372103e-005
   8.53745929e-005,    2.9786194e-005
   6.64133728e-005,  -2.42889934e-005
   4.35060482e-006,  -2.35570209e-005
   1.73695375e-006,   5.32614258e-005
  -3.77341835e-006,  -1.32251312e-006
   1.29162389e-006,  -2.01703725e-005
  -3.20591099e-005,    0.000104357084
   3.44616135e-005,    0.000129316718
   9.88505509e-006,   6.69562494e-005
  -4.90562489e-005,   8.03891992e-005
   7.04314929e-005,  -2.44705886e-005
   5.32578998e-005,  -5.91238124e-005
   4.64679785e-006,   3.58333545e-005
   8.37197403e-006,   5.38580661e-005
  -4.54265139e-005,   -0.000152391775
   1.78660883e-005,   5.27324371e-005
   3.31682084e-005,   -2.4618098e-005
   2.28997359e-005,   2.41036643e-005
   3.91976172e-005,  -7.52538685e-005
   5.02991407e-005,    2.6922456e-005
    1.8772972e-005,   4.88539077e-005
    0.000110567306,     0.00010194629
  -6.68052093e-005,  -1.78724919e-005
     4.185424e-005,   4.71916984e-005
  -3.66516286e-005,  -8.72316414e-005
   1.93420882e-005,  -4.47316714e-005
   3.00705675e-005,  -8.45918256e-005
   -1.7292663e-005,  -1.86539233e-005
   1.22113666e-005,  -9.02323461e-005
   3.81551681e-005,   -5.6992667e-005
  -6.05262545e-005,   -0.000142510103
  -6.25169204e-005,   -0.000146029684
   -0.000240412051,  -5.19087629e-005
  -7.57538913e-005,  -3.40580305e-005
   -0.000122372228,  -2.91673582e-005
   -0.000122767845,  -1.13796087e-005
   -0.000121618329,   9.17053337e-006
   -0.000237623096,   2.57984354e-005
   -0.000275123244,   6.79472257e-005
   -0.000190207755,   7.70959983e-005
   -0.000131032536,    0.000214254209
   -0.000119561996,    0.000161174208
  -4.80210657e-005,    0.000157398518
  -4.55182819e-005,    0.000125110088
   -0.000115930177,    7.8333732e-005
  -8.47960938e-005,    0.000217245393
  -4.85521156e-005,   2.89445867e-005
   1.62718998e-005,    0.000188365264
  -3.24406285e-005,   8.28412381e-005
   6.00403503e-005,    0.000140457841
    6.2818151e-005,    0.000250694887
    0.000155679886,     0.00019031973
    0.000212038191,    0.000319667895
    0.000254225401,   8.71369154e-005
    0.000279046378,    0.000130252602
    0.000205701026,   -4.6119829e-005
    0.000301119303,   -0.000145426573
     0.00023855584,  -4.77301905e-005
    0.000264285602,  -1.93435538e-005
    0.000201946298,   -0.000122777829
    0.000144575935,   -0.000184848646
   9.95619707e-005,   -0.000164071046
   8.42397903e-005,    -0.00026566248
     0.00020166404,   -0.000141976102
    0.000115627467,   -0.000293605205
   7.72896343e-005,   -0.000278930487
  -7.29449924e-005,   -0.000257236654
  -1.77576551e-005,   -0.000365506512
   -0.000105480136,   -0.000323707923
   -0.000219250179,   -0.000325228351
   -0.000329718389,   -0.000101321041
   -0.000486542842,   -0.000279866119
   -0.000398795341,  -5.34978815e-005
   -0.000397235611,   4.37133923e-005
   -0.000467473266,    0.000105864073
   -0.000398112057,    0.000294789055
   -0.000242838534,    0.000259540146
   -0.000145707433,    0.000319190003
  -4.56725484e-005,    0.000346631624
   5.49994488e-005,     0.00036773733
   5.03387953e-005,    0.000278647388
    0.000142417451,    0.000219711238
    0.000197685144,    0.000207059611
   7.55388952e-005,    0.000236445221
    0.000159367994,    0.000230113961
    0.000281918444,     0.00010838096
    0.000359088653,    0.000128777152
    0.000407181131,   4.62126479e-006
    0.000168399334,  -4.57153271e-005
    0.000322523663,   -0.000124021996
     0.00032846371,   -0.000166484798
    0.000245746372,   -0.000244459417
    0.000225710963,   -0.000281407992
   4.90375332e-005,   -0.000209946622
   9.79024094e-005,   -0.000222495052
    0.000137133431,    -0.00031963386
    0.000171974445,   -0.000132823794
  -7.94825591e-005,   -0.000130914145
   -0.000292887129,   -0.000405705804
  -9.93420624e-005,   -0.000296983393
   -0.000115513138,   -6.5143554e-005
    -0.00030430118,   -0.000257482696
   -0.000298464141,   -0.000440366459
  -7.04150267e-005,   -0.000351926443
   -0.000195832313,   -0.000379619526
   -0.000349919849,   -0.000137488435
   -0.000283330594,   -0.000157886937
   -0.000497754793,  -4.75491972e-005
   -0.000174537017,    0.000336878901
   -0.000326934176,    0.000138824647
   -0.000578968177,  -9.57839116e-005
    -0.00013166717,    0.000509657233
   -0.000397644723,     0.00014137027
   -0.000367533446,    0.000783247935
   -0.000202858499,    0.000318229829
   -0.000329911432,    0.000481929834
    0.000262351139,    0.000612942484
    0.000162413019,     0.00047138022
    0.000284303031,    0.000468738514
   8.30352371e-005,    0.000700239415
    0.000275778053,    0.000243843117
   8.45413095e-005,    0.000888870351
    0.000594252758,     0.00051304709
    0.000776725735,    0.000444325254
     0.00135480326,  -7.08931195e-005
    0.000553851762,   6.23588241e-005
    0.000951994829,  -7.31621309e-005
    0.000487838662,   -0.000262364841
    0.000500721984,   -0.000303085425
    0.000506953329,    -0.00089993752
    0.000265354853,   -0.000720975732
    0.000318643534,   -0.000501657077
   1.51430008e-005,   -0.000320591284
    1.4497482e-005,    -0.00019355709
   -0.000212324751,   -0.000556510882
    6.8907572e-005,    -0.00045698893
   6.35414207e-005,   -0.000455216868
   -0.000249088705,   -0.000316652577
   -0.000433022165,   -0.000548022461
   -0.000371363576,   -0.000461419072
   -0.000565582933,   -0.000279221018
   -0.000507187371,   1.40440013e-005
   -0.000209087523,   9.99050342e-006
   -0.000189240432,    0.000362155455
   2.58335663e-005,    0.000427758424
   -0.000214838954,    0.000180988559
  -5.27093553e-006,    0.000236158658
   2.14299934e-006,    0.000169697178
   2.13163097e-006,    0.000161706055
  -9.02500437e-006,   3.32242142e-005
  -2.82476606e-005,    0.000177033337
  -3.71112509e-005,   1.68948953e-005
   -0.000238588742,     0.00035863187
  -4.59353603e-005,    0.000139437214
    0.000283808672,    0.000275527674
  -5.25756658e-005,    0.000150628642
    0.000100578739,  -1.51704474e-005
    0.000267194196,     0.00020180612
    -0.00032684731,   -0.000190674719
   2.28286199e-005,    0.000222931619
    0.000292263916,   -0.000391668973
    0.000200184444,  -3.90253269e-005
    0.000125368105,   -0.000192858558
    0.000291247391,  -3.70382927e-005
   2.89697767e-005,  -4.46730842e-005
   -0.000183146978,   6.89717288e-005
    0.000152630327,  -4.31749834e-005
    0.000191666353,  -4.51910523e-005
  -9.63321155e-005,   -0.000238504608
   -8.1089526e-007,    0.000143890231
   7.76736319e-005,    0.000256686082
    0.000237791002,    0.000115819826
    0.000160197831,  -4.93258352e-005
    0.000210008049,   -0.000470264597
   -1.4050166e-005,    -0.00012036393
   -0.000231788984,  -9.05593813e-005
   -0.000417359839,   -0.000198510532
   5.08291707e-005,   -0.000276677088
   -0.000202578526,    -0.00024063991
    0.000185593597,   -0.000239118648
   -0.000795516548,   -0.000178908231
   1.70820883e-005,   -0.000248111959
   -0.000471651463,    0.000132023755
   -0.000178761264,    0.000275097332
  -5.35274359e-005,      0.0006027197
   5.41056039e-005,    0.000418320473
   -0.000247276825,    0.000237406287
    0.000259058704,    0.000563859075
   -3.7471759e-005,    0.000114423695
  -8.97221479e-005,   -0.000117345748
   6.47948562e-005,    0.000388145832
  -1.84708761e-005,    0.000142446283
   -0.000128623408,     0.00037020044
    0.000116360946,    0.000473837965
END
BEGIN
        0.99965721,   -0.000896470963
       0.999767608,      0.0229712112
       0.998782941,      0.0458250569
       0.997407726,      0.0685370354
       0.995783544,      0.0924540431
       0.992631934,       0.116154168
       0.989756756,        0.13777584
       0.985539413,        0.16092998
       0.982217685,       0.184903077
       0.977506114,       0.206625335
       0.972681722,       0.227677766
       0.966550505,       0.250887938
       0.959960571,       0.272419924
       0.953703201,       0.294270584
       0.946015433,       0.316130347
       0.938282914,       0.337428193
       0.929836218,       0.359432464
       0.921326675,       0.379937686
       0.911970437,        0.40055495
       0.901163823,        0.42191128
       0.891493589,       0.442957767
        0.87921479,        0.46206405
       0.868588239,       0.481937527
       0.856220007,       0.500792067
       0.844527341,        0.52067466
       0.830975892,       0.540139274
       0.819099057,       0.556910132
       0.804113004,       0.577218673
       0.789636748,       0.592791074
       0.776127411,       0.611307132
        0.75993772,       0.628202925
       0.746484654,       0.644193205
       0.729966654,       0.660822533
       0.715128301,       0.675354124
       0.698855679,       0.691239741
       0.682342741,       0.703787865
       0.666354498,       0.719659576
       0.646185981,       0.732337411
       0.631387472,       0.745950233
       0.611930144,       0.759575716
        0.59485239,       0.770847508
       0.574909253,       0.783371878
       0.557794008,       0.792391353
       0.538985568,       0.804556069
       0.519938414,       0.812485066
        0.50256484,       0.823354094
       0.481207826,       0.831102006
       0.463235948,       0.840647121
       0.443543611,        0.84770213
         0.4262277,         0.8533684
       0.405452759,       0.861365024
       0.386622699,       0.864655571
       0.366359616,       0.871193876
       0.345347935,       0.874109473
       0.327149226,       0.878883733
        0.30595647,       0.882620784
       0.289768632,       0.883502669
       0.267975211,       0.885856699
         0.2503936,       0.883409769
       0.230454077,       0.884892641
       0.210247707,       0.880777167
       0.192720145,       0.880656386
       0.170709347,       0.875900907
        0.15417425,       0.870810898
       0.133667334,       0.864594463
       0.114140614,       0.856390671
      0.0924420028,       0.846946812
      0.0707905383,       0.834123718
      0.0469355705,       0.823538728
      0.0211944179,       0.808534078
    -0.00633493361,       0.796202659
     -0.0379901572,       0.781308853
      -0.069568394,       0.770208417
      -0.107713016,       0.760606206
      -0.140839494,       0.753078504
      -0.178979485,       0.752003078
      -0.212621478,       0.749009984
       -0.24510513,       0.753349427
      -0.274511066,        0.75564408
       -0.29825948,       0.760737234
      -0.324238086,       0.762338861
      -0.342596963,       0.764825281
        -0.3640502,       0.765963687
      -0.380824892,       0.762734918
      -0.397988495,       0.763809143
      -0.415325182,       0.759010998
      -0.431040074,       0.756737942
      -0.446545741,       0.751022477
      -0.459810909,       0.745544112
      -0.476352552,        0.73808026
      -0.488260735,       0.730116526
      -0.505795918,       0.721599377
      -0.516669178,       0.711485677
      -0.533060537,       0.705059197
       -0.54751404,       0.692818476
      -0.559128573,       0.684602929
      -0.574381401,       0.671132781
      -0.582678359,       0.661054482
       -0.59931321,       0.648843086
       -0.60879087,       0.633497957
      -0.624359316,       0.625491045
      -0.635674413,       0.609825717
      -0.646807326,        0.60025198
      -0.659353562,       0.582868644
      -0.666790763,       0.571293417
      -0.681342447,       0.556519901
      -0.690221385,       0.540753844
      -0.700512209,       0.531634956
      -0.710236033,       0.510465558
      -0.724576806,       0.500997205
      -0.732395987,       0.484761405
      -0.740078483,       0.471094394
      -0.752609456,       0.451881371
       -0.75584074,       0.439705218
      -0.767778536,       0.422071076
      -0.772745112,       0.404575679
      -0.787775137,       0.391295179
      -0.790060391,       0.371273833
      -0.798570042,       0.357739047
      -0.808913557,       0.339245701
      -0.808821607,       0.321278557
      -0.819110568,        0.30616111
      -0.820980752,       0.286433873
      -0.831345582,       0.269326897
      -0.833985802,       0.253503914
      -0.841348392,       0.241054653
      -0.846193363,       0.219242207
      -0.846392728,       0.205741302
      -0.853430182,       0.182479629
      -0.853217195,       0.164364842
      -0.862662703,       0.149979193
      -0.860522449,       0.129852097
      -0.867130967,       0.112407092
      -0.868116637,      0.0924043901
      -0.868400095,      0.0775350868
       -0.87136282,      0.0544316991
      -0.868300618,      0.0398167368
      -0.871698181,      0.0232028539
       -0.87120328,     -0.0011533927
        -0.8732632,     -0.0131917772
      -0.874619271,     -0.0321574726
      -0.872716313,     -0.0461619688
      -0.871733369,     -0.0631160609
      -0.870497232,     -0.0822670951
      -0.870154205,      -0.102911061
      -0.865440126,       -0.11758487
      -0.867345429,      -0.138620045
      -0.861078014,      -0.157115333
      -0.861745697,      -0.175460504
      -0.856050202,      -0.192598974
      -0.853182374,      -0.205851819
      -0.850093401,      -0.226331194
      -0.842568153,      -0.242083784
        -0.8406277,      -0.262293056
      -0.837566679,      -0.279455273
      -0.833937849,      -0.293625643
      -0.827916219,      -0.311035931
      -0.821691035,      -0.329101461
      -0.815640986,      -0.345086964
      -0.809371071,      -0.362580309
      -0.801032456,      -0.382315109
      -0.793257176,      -0.394113626
      -0.789422624,      -0.414995607
      -0.781727767,      -0.428132307
      -0.777433726,      -0.444476368
      -0.767024668,      -0.460396918
      -0.758657115,       -0.47489157
      -0.749406491,      -0.494649086
      -0.739371561,      -0.507592062
      -0.734829094,       -0.52433752
      -0.721787626,      -0.541239367
      -0.717426313,      -0.554094174
      -0.704539443,      -0.571664788
      -0.695597832,      -0.584746885
       -0.68342771,      -0.601960483
      -0.672168894,      -0.614808661
      -0.660466549,      -0.632723749
      -0.650570788,      -0.644790063
      -0.640423604,      -0.662394084
      -0.626580072,      -0.675203517
      -0.618851008,      -0.686767093
      -0.602482483,      -0.706612927
      -0.589085685,      -0.715132519
      -0.579058937,      -0.733362065
      -0.561993153,       -0.74443386
      -0.551038403,      -0.758195985
      -0.536051137,      -0.772703281
      -0.524221361,      -0.784149437
      -0.508203131,      -0.798251826
      -0.491739412,      -0.808670919
      -0.476681939,       -0.82445028
       -0.45776845,      -0.836445996
      -0.444266808,      -0.848364438
      -0.427164406,      -0.862760447
      -0.410764782,      -0.873622728
      -0.394040905,      -0.885415513
      -0.376618266,      -0.896483719
      -0.359677778,      -0.907968436
      -0.338314735,      -0.920479751
      -0.321445998,      -0.928433482
      -0.302932748,      -0.942738498
END
