# Created Sun Oct 10 18:49:33 2021

CITIFILE A.01.00
NAME CM
VAR freq MAG 201
DATA S[1,1] RI
DATA S[1,2] RI
DATA S[2,1] RI
DATA S[2,2] RI
VAR_LIST_BEGIN
            300000
          42798500
          85297000
         127795500
         170294000
         212792500
         255291000
         297789500
         340288000
         382786500
         425285000
         467783500
         510282000
         552780500
         595279000
         637777500
         680276000
         722774500
         765273000
         807771500
         850270000
         892768500
         935267000
         977765500
     1.020264e+009
    1.0627625e+009
     1.105261e+009
    1.1477595e+009
     1.190258e+009
    1.2327565e+009
     1.275255e+009
    1.3177535e+009
     1.360252e+009
    1.4027505e+009
     1.445249e+009
    1.4877475e+009
     1.530246e+009
    1.5727445e+009
     1.615243e+009
    1.6577415e+009
      1.70024e+009
    1.7427385e+009
     1.785237e+009
    1.8277355e+009
     1.870234e+009
    1.9127325e+009
     1.955231e+009
    1.9977295e+009
     2.040228e+009
    2.0827265e+009
     2.125225e+009
    2.1677235e+009
     2.210222e+009
    2.2527205e+009
     2.295219e+009
    2.3377175e+009
     2.380216e+009
    2.4227145e+009
     2.465213e+009
    2.5077115e+009
      2.55021e+009
    2.5927085e+009
     2.635207e+009
    2.6777055e+009
     2.720204e+009
    2.7627025e+009
     2.805201e+009
    2.8476995e+009
     2.890198e+009
    2.9326965e+009
     2.975195e+009
    3.0176935e+009
     3.060192e+009
    3.1026905e+009
     3.145189e+009
    3.1876875e+009
     3.230186e+009
    3.2726845e+009
     3.315183e+009
    3.3576815e+009
      3.40018e+009
    3.4426785e+009
     3.485177e+009
    3.5276755e+009
     3.570174e+009
    3.6126725e+009
     3.655171e+009
    3.6976695e+009
     3.740168e+009
    3.7826665e+009
     3.825165e+009
    3.8676635e+009
     3.910162e+009
    3.9526605e+009
     3.995159e+009
    4.0376575e+009
     4.080156e+009
    4.1226545e+009
     4.165153e+009
    4.2076515e+009
      4.25015e+009
    4.2926485e+009
     4.335147e+009
    4.3776455e+009
     4.420144e+009
    4.4626425e+009
     4.505141e+009
    4.5476395e+009
     4.590138e+009
    4.6326365e+009
     4.675135e+009
    4.7176335e+009
     4.760132e+009
    4.8026305e+009
     4.845129e+009
    4.8876275e+009
     4.930126e+009
    4.9726245e+009
     5.015123e+009
    5.0576215e+009
      5.10012e+009
    5.1426185e+009
     5.185117e+009
    5.2276155e+009
     5.270114e+009
    5.3126125e+009
     5.355111e+009
    5.3976095e+009
     5.440108e+009
    5.4826065e+009
     5.525105e+009
    5.5676035e+009
     5.610102e+009
    5.6526005e+009
     5.695099e+009
    5.7375975e+009
     5.780096e+009
    5.8225945e+009
     5.865093e+009
    5.9075915e+009
      5.95009e+009
    5.9925885e+009
     6.035087e+009
    6.0775855e+009
     6.120084e+009
    6.1625825e+009
     6.205081e+009
    6.2475795e+009
     6.290078e+009
    6.3325765e+009
     6.375075e+009
    6.4175735e+009
     6.460072e+009
    6.5025705e+009
     6.545069e+009
    6.5875675e+009
     6.630066e+009
    6.6725645e+009
     6.715063e+009
    6.7575615e+009
      6.80006e+009
    6.8425585e+009
     6.885057e+009
    6.9275555e+009
     6.970054e+009
    7.0125525e+009
     7.055051e+009
    7.0975495e+009
     7.140048e+009
    7.1825465e+009
     7.225045e+009
    7.2675435e+009
     7.310042e+009
    7.3525405e+009
     7.395039e+009
    7.4375375e+009
     7.480036e+009
    7.5225345e+009
     7.565033e+009
    7.6075315e+009
      7.65003e+009
    7.6925285e+009
     7.735027e+009
    7.7775255e+009
     7.820024e+009
    7.8625225e+009
     7.905021e+009
    7.9475195e+009
     7.990018e+009
    8.0325165e+009
     8.075015e+009
    8.1175135e+009
     8.160012e+009
    8.2025105e+009
     8.245009e+009
    8.2875075e+009
     8.330006e+009
    8.3725045e+009
     8.415003e+009
    8.4575015e+009
          8.5e+009
VAR_LIST_END
BEGIN
     0.00120651779,   -0.000706102374
     0.00171162508,     0.00375836025
     0.00482272447,     0.00516721865
     0.00729153809,      0.0048697617
      0.0114184007,     0.00416847999
      0.0134700775,    0.000125624095
       0.012530491,    -0.00441832715
       0.010820927,    -0.00879088777
     0.00697712184,     -0.0138436086
     -0.0013265335,     -0.0173647214
     -0.0116347394,     -0.0186858197
     -0.0219303907,     -0.0162535289
     -0.0329333131,    -0.00858876282
     -0.0427252273,     0.00117407208
     -0.0490370067,           0.01438
     -0.0520933335,       0.028388305
      -0.050939517,      0.0453525378
     -0.0442568033,      0.0608711716
     -0.0338934225,      0.0742319856
     -0.0189309644,      0.0833443975
    -0.00149204145,      0.0877619987
      0.0152085511,      0.0879550109
      0.0332347788,      0.0813646053
      0.0469961909,      0.0703102982
      0.0573522622,      0.0554265603
      0.0604398402,      0.0370336939
      0.0584664819,      0.0175847282
       0.051550994,  -1.66913399e-005
      0.0355761578,     -0.0133878029
      0.0163466399,     -0.0226144715
    -0.00623638272,     -0.0259484427
     -0.0289904944,     -0.0207704591
     -0.0473499546,    -0.00920676907
     -0.0640830682,     0.00960548854
     -0.0741294999,      0.0326691632
     -0.0775365358,      0.0570205673
     -0.0734325754,      0.0832893603
     -0.0613091381,       0.107339574
     -0.0420414112,       0.126809177
     -0.0178561519,        0.14032164
     0.00780814865,       0.145858576
      0.0333402527,       0.144927108
      0.0586876864,       0.134550778
      0.0814698316,       0.118436001
      0.0977411311,      0.0987543282
       0.106490562,      0.0748346543
       0.109101329,      0.0489436753
       0.105379738,       0.024766064
       0.094700463,     0.00444355192
      0.0799530048,     -0.0135937037
      0.0615334931,     -0.0262099376
      0.0418453068,     -0.0332326882
      0.0208541023,     -0.0351989616
     0.00218889627,     -0.0313768466
     -0.0129052059,     -0.0221504054
     -0.0250004121,     -0.0102412399
     -0.0328466478,     0.00174378299
     -0.0360575425,      0.0140711627
     -0.0354691375,      0.0247471922
     -0.0333923867,      0.0323045268
     -0.0301997076,      0.0373763475
     -0.0276760223,      0.0429002416
     -0.0251797615,      0.0459211677
     -0.0242837833,      0.0482285502
     -0.0231710944,      0.0514744134
     -0.0236418388,      0.0546107687
     -0.0240299613,      0.0596806445
     -0.0224862422,      0.0646796492
     -0.0181147081,      0.0721019132
     -0.0116673644,      0.0789769863
    -0.00221902053,      0.0840978121
      0.0083887174,      0.0879515333
      0.0229223698,      0.0878003033
      0.0367807294,      0.0838763618
      0.0511140417,      0.0762415871
      0.0606568193,      0.0610356646
      0.0706613513,      0.0457880902
      0.0737609927,      0.0270621676
      0.0707513966,     0.00718211814
      0.0632135086,     -0.0164965621
      0.0512966605,     -0.0309897982
      0.0309543356,     -0.0443034172
     0.00490256409,     -0.0511007098
     -0.0158657605,     -0.0536771751
     -0.0387217974,     -0.0462071608
     -0.0585353503,     -0.0284396887
     -0.0717544703,     -0.0107445393
      -0.078148372,      0.0114407142
     -0.0739748109,      0.0337803145
     -0.0648460225,      0.0537210293
     -0.0499066858,      0.0693537832
     -0.0302227517,      0.0786588886
    -0.00761102862,      0.0797246095
       0.015003046,      0.0716305216
      0.0322285931,      0.0577043106
       0.046756275,      0.0341611478
      0.0516692428,     0.00965137191
      0.0490088346,     -0.0179215835
      0.0317017259,     -0.0433579261
     0.00882925442,     -0.0648955508
     -0.0211924289,     -0.0768063335
     -0.0544414356,     -0.0780872189
     -0.0889694638,     -0.0707593008
       -0.11918886,     -0.0516038809
      -0.141124224,     -0.0244642632
      -0.158226023,      0.0119363858
      -0.161925555,      0.0502674039
      -0.156143769,      0.0889652728
      -0.140577018,       0.121971486
      -0.110556594,       0.152369729
     -0.0794269509,       0.173674058
     -0.0376304186,       0.186872201
     0.00272574673,       0.183420559
      0.0476426151,       0.172765529
       0.076449539,       0.147797028
       0.104550994,         0.1134403
       0.114151427,      0.0726335166
       0.117657247,       0.034567664
      0.0985905516,    -0.00290783183
      0.0768454388,     -0.0308435472
      0.0454267071,     -0.0509968447
      0.0134758616,     -0.0538636378
      -0.015656425,     -0.0460820455
     -0.0458304447,     -0.0270375714
     -0.0592521895,    -0.00325704553
     -0.0629367092,      0.0254142222
     -0.0568719069,      0.0524773476
      -0.040780756,      0.0737101825
     -0.0199066872,       0.081937906
      0.0135169325,      0.0895491728
      0.0370629091,       0.079787802
      0.0589877147,      0.0654531555
      0.0738118737,      0.0327812331
      0.0814190162,     0.00564482844
      0.0729128371,     -0.0302154013
      0.0511727458,     -0.0563498554
      0.0213423668,     -0.0835341219
     -0.0119080381,     -0.0897906381
     -0.0468000101,     -0.0849833695
     -0.0830702974,     -0.0691149596
      -0.111295763,     -0.0425295648
      -0.130259882,     -0.0136832423
      -0.134089252,      0.0225598753
      -0.126220661,      0.0535314691
      -0.113603082,      0.0836730843
      -0.091697375,       0.105420398
     -0.0644425894,       0.119238271
      -0.033270489,       0.122710326
    -0.00781849592,        0.11384679
       0.017111064,      0.0994600246
      0.0314746359,      0.0754422836
      0.0303678828,      0.0513632592
      0.0317778785,      0.0167079659
       0.015694454,     -0.0116233766
     -0.0108717187,     -0.0318189388
     -0.0523170448,     -0.0406377078
     -0.0979110687,     -0.0357289511
      -0.129714355,    -0.00889848576
      -0.157005911,      0.0282717727
      -0.169465014,      0.0643802502
      -0.168500417,       0.114350158
      -0.142918583,       0.149117106
      -0.135065827,       0.188648857
      -0.083494346,       0.214129708
     -0.0456730258,       0.217221509
     0.00827563004,       0.216920323
      0.0494784744,        0.20101946
       0.090577321,       0.155382359
      0.0969991694,       0.101847313
       0.104528693,        0.03872829
      0.0743998197,     -0.0211370463
      0.0169732479,     -0.0630622515
      -0.057087249,     -0.0870614808
      -0.127767303,     -0.0852623998
      -0.198590011,     -0.0526191552
      -0.244835923,     0.00235295025
      -0.292198914,      0.0626910943
      -0.296508175,       0.135423019
      -0.313689449,       0.191816039
      -0.295697306,        0.27030907
      -0.257451979,       0.315071375
      -0.225374157,       0.377254769
      -0.174102565,       0.433340365
      -0.109526832,       0.455629755
     -0.0572636051,        0.47318476
       0.035460612,       0.485599312
       0.107600144,       0.453954477
       0.188643371,       0.434976224
       0.254860117,       0.363057362
       0.294731425,       0.279543414
       0.315928505,       0.155618457
       0.285449955,      0.0566119493
       0.212084243,     -0.0463692421
      0.0953153607,      -0.104319506
     -0.0105105476,      -0.126181146
      -0.134788644,     -0.0784514918
      -0.216248608,     -0.0131763732
      -0.276701263,      0.0647810433
      -0.292723628,       0.168589008
      -0.288462072,       0.258666836
       -0.26746186,       0.337067804
END
BEGIN
       0.999645554,    -0.00175059118
       0.987678622,      -0.147809152
       0.954939397,      -0.290651595
       0.901650929,      -0.426305515
       0.829354421,      -0.553096167
       0.738584672,      -0.667859339
       0.633775883,      -0.767595511
        0.51464425,       -0.85167691
       0.384298071,      -0.916865654
       0.246714079,      -0.962004597
       0.104479125,      -0.986801279
     -0.0407797295,      -0.991240049
      -0.184869921,      -0.974065958
      -0.324030187,       -0.93534186
      -0.456573748,      -0.877683495
      -0.578816669,      -0.801060936
        -0.6885547,       -0.70656688
       -0.78201166,      -0.598896656
      -0.860143552,      -0.479366606
      -0.919773723,      -0.348406033
      -0.958364865,       -0.21197499
       -0.97892774,     -0.0719469109
      -0.978451507,      0.0710522458
      -0.957403635,       0.210692626
      -0.917786525,       0.347360222
      -0.858253979,       0.477625349
      -0.779807633,       0.597057088
      -0.685855534,       0.705926902
      -0.573364764,       0.799962048
       -0.44990747,       0.873897713
      -0.317329476,       0.931740409
      -0.174673485,       0.967565117
     -0.0308702265,       0.979267082
       0.113634955,       0.972783809
       0.255346814,       0.940702478
        0.38634455,       0.890254072
       0.510584317,       0.823312961
       0.622211073,       0.736443397
       0.717585982,        0.63897151
       0.801475648,       0.529960013
       0.866696935,       0.407730134
       0.913275857,       0.281437419
       0.947395241,       0.150130327
       0.960865888,      0.0109458058
       0.951170865,      -0.126407968
       0.928722669,      -0.260737032
       0.884967414,      -0.399299586
       0.813805035,      -0.524986238
       0.734414772,      -0.636715837
       0.633536604,      -0.745408038
       0.511874934,      -0.831045447
       0.384094759,      -0.895926436
       0.247390791,      -0.943153225
       0.104030489,      -0.967741299
     -0.0400254781,      -0.971014513
      -0.181339388,      -0.952115286
      -0.317713794,      -0.914281291
      -0.446609064,      -0.855962251
      -0.565055543,      -0.782945057
      -0.676705739,      -0.691628052
      -0.765426371,      -0.582015392
      -0.841775053,      -0.472341867
      -0.912242183,      -0.342534316
      -0.945969792,      -0.196012396
      -0.961374183,     -0.0673225087
      -0.975979662,       0.076368118
      -0.948825892,       0.231148253
      -0.899438048,       0.360747226
      -0.846508422,       0.491469494
      -0.760784243,       0.621820123
      -0.655727438,       0.725069364
      -0.541142499,       0.816564776
      -0.407180313,       0.887466789
      -0.269906734,       0.933602367
      -0.125514217,       0.963628047
      0.0236189556,       0.962958674
       0.160798916,       0.940171902
       0.289705731,       0.906427994
       0.421761082,       0.859220434
        0.54838687,       0.778908703
       0.637969233,       0.683233847
       0.732955919,        0.60891882
       0.842609894,       0.479314737
       0.873679341,       0.333148647
       0.914651754,       0.237592246
       0.973151093,      0.0758508577
       0.938857239,     -0.0833485519
       0.921438621,       -0.19108334
       0.897638791,      -0.346846391
       0.813698086,      -0.472469688
        0.74784892,      -0.577753116
       0.646091362,      -0.694353413
       0.533744501,      -0.764975274
        0.42735549,      -0.843431257
       0.285515409,      -0.899140125
       0.155266461,      -0.924003889
      0.0169656602,      -0.941499404
      -0.119471386,      -0.932738835
      -0.263684094,      -0.915380125
      -0.405771668,      -0.848214244
      -0.505263409,      -0.783758082
      -0.639005332,      -0.714262968
      -0.736365498,      -0.580221715
      -0.796174533,      -0.480503295
      -0.880630434,      -0.351054942
      -0.900670334,      -0.202238773
      -0.924399525,     -0.0871624385
       -0.93253282,      0.0753850177
       -0.87969852,       0.200882517
      -0.861233506,       0.311704061
      -0.799472757,        0.45780054
      -0.708575367,       0.551228993
      -0.633607376,       0.647785433
      -0.527177803,       0.735525846
      -0.421718544,       0.802697308
      -0.287611995,       0.862842175
      -0.167275004,         0.8755729
     -0.0523323953,        0.91641058
       0.114964253,       0.916437757
       0.232400221,       0.866250493
       0.352862587,       0.852266084
       0.500612395,       0.781394744
       0.599822658,       0.688772291
       0.701554296,       0.599890966
       0.787415577,       0.481374377
        0.85061745,       0.353934789
       0.887267857,       0.216018946
       0.907096823,      0.0871844257
         0.9124461,     -0.0592450807
       0.876658858,      -0.191749239
       0.849381099,      -0.307203817
       0.789860559,      -0.449138038
       0.697416913,      -0.545537376
       0.629627566,      -0.636227864
       0.520477704,      -0.743657892
       0.391561006,      -0.798862545
       0.281818708,      -0.846170695
       0.148100321,      -0.887579706
     0.00476866264,      -0.896843431
      -0.129276064,      -0.880744075
      -0.255841405,      -0.848543524
      -0.382296907,      -0.806199798
      -0.508039859,      -0.730184957
      -0.601532456,      -0.632971349
      -0.681072443,      -0.542074804
      -0.760169239,      -0.435104101
      -0.812956697,      -0.308145383
      -0.840007362,      -0.182576231
      -0.855490607,     -0.0611247296
      -0.856494955,      0.0701126107
      -0.833026548,       0.195705207
      -0.792366404,       0.316648254
      -0.734501886,       0.428441731
      -0.665865125,       0.529504748
      -0.583668543,       0.632814951
      -0.464765395,       0.721830824
      -0.340517451,       0.757268491
      -0.257383634,       0.799177134
      -0.107742636,       0.869168626
      0.0595047568,       0.817168803
       0.106699177,       0.785583949
       0.250751026,       0.837031955
       0.430815856,       0.715865311
        0.43618202,       0.625535448
       0.549462626,       0.641419632
       0.696865619,       0.487564842
       0.694111251,       0.363782207
       0.758014024,       0.306011021
       0.823337803,       0.162723053
       0.825580131,      0.0208070657
       0.805701899,      -0.111406112
       0.779581829,      -0.220301349
       0.732285353,      -0.367217763
       0.624095248,      -0.453638372
       0.571637157,      -0.530147621
       0.430681757,      -0.628338574
       0.332720857,      -0.593904783
       0.311969809,      -0.681438124
      0.0949185363,      -0.720277919
      0.0581180888,      -0.593130661
      0.0753421021,      -0.696978448
      -0.171517558,      -0.716245843
      -0.182946854,      -0.554141944
      -0.169315875,       -0.64208954
      -0.383155458,      -0.635320239
       -0.39921761,      -0.496792034
      -0.435686217,      -0.538261697
      -0.593622435,      -0.474632233
      -0.634546036,      -0.365471459
      -0.716246305,      -0.308893478
      -0.788934745,      -0.172481979
      -0.829714327,      -0.042308412
      -0.832164616,       0.125669056
      -0.801030111,       0.264760355
      -0.739065835,       0.434062733
      -0.592590405,       0.524175544
      -0.526630621,       0.582965587
      -0.389722642,        0.68050514
      -0.259650003,       0.658685889
      -0.199465079,       0.672038513
      -0.090750087,       0.692833828
END
BEGIN
         0.9996409,    -0.00116246232
       0.987794679,      -0.147945776
       0.954746148,       -0.29060545
       0.901460958,      -0.426897089
       0.829088996,      -0.553341727
       0.739098131,      -0.668246306
       0.633668928,      -0.767711906
       0.514706167,       -0.85205728
       0.384522698,      -0.917032049
       0.246351869,      -0.962989234
       0.103874638,      -0.987465535
     -0.0417781759,       -0.99141736
      -0.185098503,      -0.973871761
      -0.325149773,      -0.935280571
      -0.456955444,      -0.876768719
      -0.578680119,      -0.800908244
      -0.688151854,      -0.705779418
       -0.78194173,      -0.599902558
      -0.860091606,      -0.478176762
      -0.918307457,      -0.349723089
      -0.959648533,      -0.212810681
      -0.978735724,     -0.0718770807
      -0.980221967,      0.0701323292
      -0.958730504,       0.212145613
       -0.91871204,        0.34819271
      -0.858832013,       0.478940807
      -0.780387683,       0.599201403
      -0.684387598,       0.707001189
      -0.573473779,       0.799703736
      -0.449311696,       0.874925161
      -0.316837391,       0.931312308
      -0.175555146,       0.966290501
     -0.0314475721,        0.98016622
         0.1115171,       0.972052666
       0.252393583,        0.94372568
       0.385505123,       0.893631921
       0.510998251,       0.828184731
       0.622932347,       0.741245477
       0.722325875,       0.645859009
       0.807839798,         0.5305701
       0.872302506,       0.411653803
       0.924116094,       0.279142237
       0.952327767,       0.145987657
         0.9670767,     0.00646351332
       0.956057796,      -0.133531293
       0.929090931,      -0.270303175
       0.881238775,      -0.404304916
       0.814148057,      -0.527785015
       0.729190131,      -0.644019524
       0.626740051,      -0.745266827
       0.511154212,      -0.830420247
       0.381797083,      -0.897478016
       0.245492862,      -0.943381025
       0.102626219,      -0.969100124
     -0.0414566871,      -0.971872503
      -0.184033388,      -0.954336412
      -0.323384601,      -0.914370363
      -0.451618487,       -0.85510826
      -0.571505574,      -0.778353491
      -0.676374221,      -0.685788926
      -0.769393041,      -0.577753358
      -0.842772271,      -0.459423625
      -0.899979631,      -0.332099557
      -0.937124681,       -0.19907017
      -0.957526544,     -0.0597076577
       -0.95609181,      0.0781859402
      -0.935554816,       0.219361081
      -0.893680853,       0.349325504
      -0.837277529,       0.484122648
      -0.753297707,        0.59720582
      -0.662509299,       0.709013513
      -0.542489873,       0.794555706
      -0.425639046,       0.869104435
      -0.284280224,       0.919280814
      -0.151551049,       0.948016866
     -0.0086292225,       0.962370756
       0.131401256,       0.950499547
       0.264876808,       0.923385405
       0.406418125,       0.879684106
       0.525876131,       0.801683084
       0.646477692,       0.731639377
       0.749455672,       0.604922366
       0.827636142,       0.508988696
       0.906201574,       0.352267002
       0.926623845,       0.232464337
       0.972051152,      0.0742925316
       0.942604648,      -0.063260113
       0.941446198,      -0.201857115
       0.880153764,      -0.340270277
       0.829255267,      -0.458296798
        0.74595789,      -0.576646558
       0.655619386,      -0.676274478
       0.549602683,      -0.761165308
       0.435647737,      -0.839031449
       0.302249148,      -0.891712819
       0.174318592,      -0.928728626
       0.026451657,      -0.951319663
      -0.115238902,      -0.932418972
      -0.250884098,      -0.923251415
      -0.403687647,       -0.84996946
      -0.500765855,      -0.795861532
       -0.64637197,      -0.692227123
      -0.699678418,      -0.590118212
      -0.814712109,        -0.4760444
      -0.832006764,      -0.339988267
      -0.896636273,      -0.224531322
      -0.888347603,     -0.0812183302
      -0.903232204,      0.0369995243
      -0.870525321,       0.164787905
      -0.853988757,       0.289081965
      -0.782458977,       0.400074655
      -0.746657494,       0.514792685
      -0.640262961,        0.61308568
      -0.578046102,       0.704673782
      -0.439427375,        0.79134716
      -0.344473949,       0.842023632
      -0.196799439,       0.902701188
     -0.0662835751,       0.914175946
      0.0768310852,       0.925479297
       0.226056604,        0.89790282
       0.353619902,       0.848479312
        0.48720898,       0.784909122
        0.58971502,       0.690203494
       0.690954477,       0.594855108
       0.759741125,       0.480397215
       0.829205637,       0.354826001
       0.847542072,       0.236790723
       0.896344133,       0.103199588
        0.86914756,     -0.0251638848
       0.893091819,      -0.149933433
       0.825001102,      -0.293907843
        0.80136251,      -0.394336408
       0.714879343,      -0.533455533
       0.634256621,      -0.617207225
       0.533309662,      -0.723522029
       0.399123122,      -0.794801941
       0.279891513,      -0.832410761
        0.13487121,      -0.876953636
   8.61213043e-005,      -0.850897702
      -0.121365404,      -0.855495843
      -0.256950353,      -0.794247325
      -0.345397044,      -0.752951103
      -0.461564521,      -0.682790635
        -0.5320483,      -0.602777533
      -0.611451556,      -0.531112645
      -0.681671767,      -0.437338566
      -0.734870973,      -0.339504826
      -0.787843194,      -0.233367198
      -0.812658989,      -0.106660751
      -0.828938782,     0.00310606384
       -0.82965975,       0.144641938
      -0.793582158,        0.26652474
      -0.750320779,       0.401624005
      -0.666918463,       0.518650338
        -0.5588772,        0.61710267
      -0.455752435,       0.686236487
      -0.305799167,       0.741201373
      -0.219976391,       0.736754053
     -0.0690762802,       0.776167006
   -0.000468288503,       0.706569856
       0.116387646,       0.761239298
       0.190447009,       0.651662558
       0.268466334,       0.711530805
       0.375225607,       0.581931178
       0.426591343,       0.628630649
        0.56868301,       0.489402842
       0.602049437,       0.481978547
       0.738883011,       0.324560919
       0.754633849,       0.241493359
        0.82601291,      0.0632696643
       0.795574117,     -0.0710410104
       0.758081577,      -0.219198666
       0.679966081,      -0.348846593
       0.573035924,      -0.409528626
       0.499220111,      -0.503154647
        0.37621428,      -0.489484832
       0.339754865,      -0.560508175
       0.219626443,        -0.5131563
         0.2247374,      -0.576191874
      0.0905232122,      -0.531201542
       0.126811483,      -0.588078536
     -0.0314394133,      -0.568878136
      0.0163105479,      -0.604242668
      -0.179244718,      -0.606318871
      -0.131971041,      -0.605868876
      -0.360325447,      -0.630596686
      -0.333517206,      -0.571396842
      -0.577339205,       -0.58808895
      -0.570218146,       -0.43672081
       -0.76957616,      -0.412407366
      -0.770372383,      -0.177762005
       -0.84595987,      -0.101636313
      -0.830534189,       0.128860416
      -0.761660503,       0.232049643
      -0.715871222,       0.370658651
      -0.595184999,       0.468020321
      -0.521160992,       0.520388146
      -0.428079467,        0.59024764
      -0.320534767,       0.623099061
      -0.257257234,       0.633441612
      -0.151011604,        0.69514215
END
BEGIN
    -0.00129505447,    -0.00105710664
     0.00198794356,     0.00381470069
     0.00162412778,     0.00641874794
     0.00284110011,     0.00786327183
     0.00358259597,      0.0106287193
     0.00496148588,      0.0124677005
     0.00332824051,      0.0124813072
     0.00207589327,      0.0133012476
    0.000648823927,      0.0149525021
    -0.00356222306,      0.0155403988
    -0.00713989886,      0.0175583678
     -0.0131651853,      0.0220432263
     -0.0171543203,       0.027718655
     -0.0205396003,      0.0350339906
     -0.0225590755,      0.0447071991
      -0.022881946,      0.0545249053
     -0.0200907694,      0.0638188289
     -0.0159197808,      0.0724518981
    -0.00894190681,      0.0803905704
    0.000299136968,      0.0863545852
     0.00952364564,      0.0887839671
      0.0196322921,      0.0892595123
      0.0287187371,      0.0878214274
      0.0372547873,      0.0802580809
      0.0432684861,      0.0738731289
      0.0462492858,      0.0625658161
      0.0459001753,      0.0528476423
      0.0393933743,       0.043746967
      0.0322622404,      0.0334145227
      0.0197800783,      0.0278473181
     0.00606786894,      0.0253182522
    -0.00835758488,      0.0278268037
     -0.0223743771,      0.0341995521
     -0.0345520937,      0.0454713119
     -0.0437732077,      0.0607261775
     -0.0482798977,      0.0784012605
     -0.0470807454,      0.0981208328
     -0.0402797715,       0.116481686
     -0.0291670496,       0.132832064
     -0.0118479964,       0.146592559
      0.0079367875,       0.154936676
      0.0279657738,       0.156989501
      0.0520701441,       0.154321601
      0.0713848473,       0.144496017
       0.090248503,       0.129915521
       0.103127858,       0.111417961
       0.110120056,      0.0882036647
       0.110275762,       0.067754355
       0.108057736,      0.0464390502
      0.0999046052,      0.0276126658
      0.0847185157,      0.0123818181
      0.0695802408,     0.00294247408
      0.0516159054,     0.00169471972
      0.0368337757,     0.00400507372
      0.0242408042,      0.0132149611
      0.0182721559,      0.0257722523
      0.0215150314,      0.0406094168
      0.0290658413,      0.0534516852
      0.0448773807,      0.0623660001
      0.0668586296,      0.0664876441
      0.0907474106,      0.0588138057
       0.115574326,      0.0456337499
       0.138699842,      0.0197786388
       0.152090974,     -0.0155044819
       0.157008462,     -0.0536234833
       0.149109772,     -0.0958098412
       0.127163708,      -0.137434875
      0.0947049281,       -0.16726695
      0.0507245015,      -0.187890021
     0.00537577187,      -0.189662708
      -0.034462209,       -0.17428483
     -0.0608178734,      -0.147873007
     -0.0704058434,      -0.113717153
     -0.0607088154,     -0.0875765192
     -0.0404902468,     -0.0742688717
     -0.0191898251,     -0.0778068184
    -0.00310390518,     -0.0959454914
   -0.000495868221,      -0.117941693
    -0.00840671586,      -0.143176467
     -0.0284748258,      -0.159280928
     -0.0501871318,      -0.167171771
     -0.0735527859,      -0.167993382
     -0.0957002402,      -0.160703186
      -0.108363683,      -0.146468422
      -0.114649524,      -0.132649809
      -0.122335561,      -0.114404423
      -0.116989399,      -0.102391558
       -0.11137411,      -0.095050935
      -0.103201455,     -0.0865834503
     -0.0948053341,     -0.0834626593
     -0.0851843226,      -0.083349112
     -0.0810790691,     -0.0858878705
     -0.0741126505,     -0.0873827615
     -0.0668889487,     -0.0908251994
     -0.0630224734,     -0.0955854661
     -0.0558301275,     -0.0969488934
     -0.0510083225,      -0.103608495
     -0.0416032026,       -0.10750465
     -0.0361010996,      -0.117610198
     -0.0287976587,       -0.12851949
     -0.0243603834,      -0.136392976
     -0.0235303285,      -0.151450391
     -0.0223148205,      -0.168415741
     -0.0257917099,       -0.18785819
     -0.0287224677,      -0.201615736
     -0.0431461113,      -0.214655705
     -0.0556656533,      -0.224119623
     -0.0709248336,       -0.23719831
     -0.0958848513,       -0.23989118
      -0.111632826,      -0.234618308
       -0.12968111,      -0.229298644
      -0.149228942,      -0.213013395
      -0.157736888,      -0.196886039
      -0.162731471,      -0.175487837
      -0.163834296,      -0.154439241
      -0.156041899,      -0.131317365
      -0.144130725,       -0.11098862
      -0.123163903,      -0.097766665
      -0.104071506,     -0.0808957931
     -0.0752272077,      -0.075270317
     -0.0449127075,     -0.0804622101
     -0.0197889843,     -0.0881193089
   4.81728851e-005,      -0.104099328
      0.0162114968,       -0.12458692
      0.0266821915,      -0.144957021
      0.0298501605,       -0.16543823
      0.0269224701,      -0.188876024
      0.0111034955,      -0.197762311
   3.94910561e-005,      -0.205558419
     -0.0124274149,      -0.205427301
     -0.0220211276,      -0.195584641
     -0.0268903225,      -0.186471821
     -0.0270882282,       -0.16709196
     -0.0187753414,      -0.146690087
    -0.00393809066,       -0.13050945
      0.0232335503,      -0.119653864
       0.056058332,      -0.111768099
      0.0879181797,      -0.111313371
       0.118642037,      -0.131366249
       0.146651419,      -0.149191464
       0.163496151,      -0.175678026
       0.172907043,      -0.209434876
       0.172324137,      -0.241742399
       0.159179723,      -0.275760868
       0.136933562,      -0.297671438
       0.110021788,      -0.308270129
      0.0816275303,      -0.311479271
      0.0509380636,      -0.302593313
       0.024489989,      -0.284922119
     0.00306948055,      -0.256967263
     -0.0109076565,      -0.217789634
     -0.0120340853,      -0.175531594
     0.00171233012,      -0.127188962
      0.0262949048,     -0.0854581222
      0.0651416203,     -0.0460647825
       0.114427198,     -0.0224911016
        0.16654106,     -0.0119346048
       0.227564616,     -0.0197297819
       0.273746758,     -0.0387013488
       0.309612549,     -0.0519137348
        0.35372059,      -0.107874491
       0.352450681,      -0.156477082
       0.373055994,      -0.191635745
       0.365115577,       -0.24307199
       0.304119108,      -0.271781182
       0.279646765,      -0.285479016
       0.225571196,       -0.31408976
       0.169706507,      -0.276351364
       0.135703972,      -0.236608919
      0.0929915568,      -0.182194275
      0.0915455218,      -0.114251315
       0.101939317,       -0.04097457
       0.134544203,      0.0171327728
       0.180451611,      0.0754885324
       0.248022353,       0.112616647
       0.306093411,        0.13415972
       0.390525744,       0.145083926
       0.457020466,       0.125016602
       0.512829483,       0.111309233
       0.579042414,      0.0843900851
       0.608412523,       0.012091084
       0.628702201,     -0.0321241589
        0.67241448,     -0.0963041768
       0.645115556,      -0.164062381
       0.633673032,       -0.19515682
       0.589033016,      -0.256795608
       0.541403632,      -0.305344301
       0.485693488,      -0.300294969
       0.434452383,      -0.318631495
       0.358073419,       -0.27617883
       0.317920843,      -0.247758675
       0.283383085,      -0.182240801
       0.274916519,      -0.123848821
       0.282429324,     -0.0662785623
        0.30794834,    -0.00835170564
       0.338527961,      0.0312458669
       0.392728147,      0.0589397574
       0.434556285,      0.0674259735
       0.481773323,      0.0683281965
       0.521834918,      0.0529841778
       0.549832357,      0.0242199861
END
