# Created Sun Oct 10 20:50:11 2021

CITIFILE A.01.00
NAME CM
VAR freq MAG 201
DATA s1_1 RI
VAR_LIST_BEGIN
            300000
          42798500
          85297000
         127795500
         170294000
         212792500
         255291000
         297789500
         340288000
         382786500
         425285000
         467783500
         510282000
         552780500
         595279000
         637777500
         680276000
         722774500
         765273000
         807771500
         850270000
         892768500
         935267000
         977765500
     1.020264e+009
    1.0627625e+009
     1.105261e+009
    1.1477595e+009
     1.190258e+009
    1.2327565e+009
     1.275255e+009
    1.3177535e+009
     1.360252e+009
    1.4027505e+009
     1.445249e+009
    1.4877475e+009
     1.530246e+009
    1.5727445e+009
     1.615243e+009
    1.6577415e+009
      1.70024e+009
    1.7427385e+009
     1.785237e+009
    1.8277355e+009
     1.870234e+009
    1.9127325e+009
     1.955231e+009
    1.9977295e+009
     2.040228e+009
    2.0827265e+009
     2.125225e+009
    2.1677235e+009
     2.210222e+009
    2.2527205e+009
     2.295219e+009
    2.3377175e+009
     2.380216e+009
    2.4227145e+009
     2.465213e+009
    2.5077115e+009
      2.55021e+009
    2.5927085e+009
     2.635207e+009
    2.6777055e+009
     2.720204e+009
    2.7627025e+009
     2.805201e+009
    2.8476995e+009
     2.890198e+009
    2.9326965e+009
     2.975195e+009
    3.0176935e+009
     3.060192e+009
    3.1026905e+009
     3.145189e+009
    3.1876875e+009
     3.230186e+009
    3.2726845e+009
     3.315183e+009
    3.3576815e+009
      3.40018e+009
    3.4426785e+009
     3.485177e+009
    3.5276755e+009
     3.570174e+009
    3.6126725e+009
     3.655171e+009
    3.6976695e+009
     3.740168e+009
    3.7826665e+009
     3.825165e+009
    3.8676635e+009
     3.910162e+009
    3.9526605e+009
     3.995159e+009
    4.0376575e+009
     4.080156e+009
    4.1226545e+009
     4.165153e+009
    4.2076515e+009
      4.25015e+009
    4.2926485e+009
     4.335147e+009
    4.3776455e+009
     4.420144e+009
    4.4626425e+009
     4.505141e+009
    4.5476395e+009
     4.590138e+009
    4.6326365e+009
     4.675135e+009
    4.7176335e+009
     4.760132e+009
    4.8026305e+009
     4.845129e+009
    4.8876275e+009
     4.930126e+009
    4.9726245e+009
     5.015123e+009
    5.0576215e+009
      5.10012e+009
    5.1426185e+009
     5.185117e+009
    5.2276155e+009
     5.270114e+009
    5.3126125e+009
     5.355111e+009
    5.3976095e+009
     5.440108e+009
    5.4826065e+009
     5.525105e+009
    5.5676035e+009
     5.610102e+009
    5.6526005e+009
     5.695099e+009
    5.7375975e+009
     5.780096e+009
    5.8225945e+009
     5.865093e+009
    5.9075915e+009
      5.95009e+009
    5.9925885e+009
     6.035087e+009
    6.0775855e+009
     6.120084e+009
    6.1625825e+009
     6.205081e+009
    6.2475795e+009
     6.290078e+009
    6.3325765e+009
     6.375075e+009
    6.4175735e+009
     6.460072e+009
    6.5025705e+009
     6.545069e+009
    6.5875675e+009
     6.630066e+009
    6.6725645e+009
     6.715063e+009
    6.7575615e+009
      6.80006e+009
    6.8425585e+009
     6.885057e+009
    6.9275555e+009
     6.970054e+009
    7.0125525e+009
     7.055051e+009
    7.0975495e+009
     7.140048e+009
    7.1825465e+009
     7.225045e+009
    7.2675435e+009
     7.310042e+009
    7.3525405e+009
     7.395039e+009
    7.4375375e+009
     7.480036e+009
    7.5225345e+009
     7.565033e+009
    7.6075315e+009
      7.65003e+009
    7.6925285e+009
     7.735027e+009
    7.7775255e+009
     7.820024e+009
    7.8625225e+009
     7.905021e+009
    7.9475195e+009
     7.990018e+009
    8.0325165e+009
     8.075015e+009
    8.1175135e+009
     8.160012e+009
    8.2025105e+009
     8.245009e+009
    8.2875075e+009
     8.330006e+009
    8.3725045e+009
     8.415003e+009
    8.4575015e+009
          8.5e+009
VAR_LIST_END
BEGIN
      -0.999445858,      0.0022212593
      -0.949278192,         0.2909225
      -0.811826603,       0.566763441
      -0.558414862,       0.810711961
      -0.156294184,       0.962726466
       0.375540262,       0.896835217
       0.848466131,       0.459055005
       0.938046828,      -0.253891828
       0.553452872,      -0.805187801
      0.0264753219,      -0.977954421
      -0.401113997,      -0.897334354
      -0.684102728,      -0.704732624
      -0.854918581,      -0.476438743
      -0.946261392,      -0.246041607
      -0.974347838,     -0.0217578756
       -0.95136297,       0.195352813
      -0.879782002,       0.403037369
      -0.753024036,       0.599611496
      -0.564364401,       0.775654999
      -0.298334076,       0.906469007
      0.0508319382,        0.94699134
       0.461081546,       0.829932487
       0.821008816,        0.47883247
       0.955671368,     -0.0662414813
       0.762054916,      -0.595669799
       0.354790918,      -0.904916579
     -0.0760344321,      -0.974363028
      -0.418889675,      -0.882921911
      -0.661497734,      -0.713816883
       -0.82099648,      -0.517508232
      -0.913301212,      -0.316250894
      -0.954274577,      -0.117892848
      -0.954987613,      0.0732053414
      -0.917248229,       0.257474943
      -0.840511868,       0.434691139
      -0.725048855,       0.600138958
      -0.562542062,       0.748459886
      -0.337083392,       0.865352227
     -0.0495398574,        0.92484285
       0.296340166,       0.874154618
       0.651719224,        0.65586913
       0.901379779,       0.241605168
       0.899413355,      -0.285729708
       0.626030992,      -0.726136646
       0.212315553,       -0.94119401
      -0.184468609,       -0.94474187
      -0.494074686,      -0.827445056
      -0.708043088,      -0.649103329
      -0.843023305,      -0.449511841
      -0.917571621,       -0.24934729
      -0.942197493,     -0.0530468636
       -0.92764225,       0.137164666
      -0.875405713,       0.315067878
      -0.786319132,        0.48122217
      -0.654360475,       0.639101717
      -0.477025208,       0.772513949
      -0.246088963,        0.86597871
      0.0461382055,         0.8936653
       0.379759046,       0.810338025
       0.702313897,       0.562119082
       0.902602599,       0.138740066
       0.857142677,      -0.355738936
       0.570256189,      -0.751273992
       0.172924127,      -0.936127182
      -0.200752244,      -0.932043161
      -0.491432233,      -0.811543816
      -0.693613565,      -0.638143622
      -0.821163552,       -0.44744897
      -0.892221111,      -0.256443033
      -0.916985633,     -0.0704101383
      -0.902930626,       0.108897367
      -0.858933661,       0.278763927
       -0.77821397,       0.436296447
      -0.660516062,         0.5849874
       -0.50513893,        0.71725869
      -0.301143618,       0.813856318
     -0.0400250177,       0.860728329
        0.27408891,       0.819529725
       0.598081097,       0.632652769
       0.843722844,        0.26778879
       0.882543046,      -0.212157549
       0.662992933,      -0.646465804
       0.279233468,      -0.895630411
      -0.111493225,      -0.933133698
      -0.423043045,      -0.831326083
      -0.641571323,      -0.663576518
      -0.780142228,      -0.473721515
      -0.857343422,      -0.281040518
      -0.885904714,      -0.095724284
      -0.875149443,      0.0802146717
      -0.834076443,       0.246816627
      -0.762212558,       0.403541808
       -0.65246864,        0.54663337
      -0.502294057,       0.675299833
      -0.314984689,       0.776588544
     -0.0746487082,       0.831610686
       0.216139324,       0.807934069
       0.529741835,        0.66465791
       0.791975626,       0.359564446
       0.896689882,     -0.0838885324
       0.754392619,      -0.536101369
       0.416381883,      -0.838780387
      0.0279232891,       -0.93522614
        -0.3070306,      -0.873118383
      -0.550571435,      -0.723964997
      -0.712283092,      -0.540050253
      -0.805107542,      -0.346896972
      -0.849110582,      -0.161261232
        -0.8460644,      0.0176665704
      -0.805835655,       0.185073857
       -0.74140066,       0.347990126
      -0.637464488,       0.492777485
      -0.494332307,       0.618280274
      -0.299844706,        0.72429737
     -0.0633895633,       0.778236562
        0.22334142,       0.751858658
       0.532488025,       0.597567626
       0.778215234,       0.284771494
       0.848386988,      -0.151795479
       0.682949825,      -0.573257572
       0.352812211,      -0.837181919
     -0.0126645178,      -0.904903902
      -0.316528092,       -0.83339732
      -0.535406574,      -0.688645912
      -0.674317419,      -0.520763398
      -0.754897286,      -0.348318555
      -0.788370342,      -0.177312008
      -0.791626561,     -0.0245805659
      -0.764282176,       0.115255962
        -0.7071375,       0.250541875
      -0.633101527,        0.37591589
      -0.534464681,       0.484782376
      -0.401644311,       0.576508088
      -0.241179063,       0.650762494
     -0.0457545642,       0.687519665
       0.182829971,       0.659760658
       0.438095606,       0.546429446
       0.662001289,       0.308180351
       0.769001988,     -0.0526816732
         0.6735316,      -0.444995655
       0.391655151,      -0.732236414
       0.043244062,      -0.834602026
      -0.264846758,      -0.781970082
      -0.487231181,      -0.641302469
      -0.626860571,      -0.470239735
      -0.707830215,       -0.29180742
      -0.737890476,      -0.111607193
      -0.724264185,      0.0564039434
      -0.674601871,       0.208773471
      -0.584176925,       0.350565469
      -0.466199212,       0.467063872
       -0.32067244,       0.559651037
      -0.138181459,       0.609942451
      0.0713610351,        0.61292065
       0.289244703,       0.546257501
        0.49678674,       0.392842634
        0.65215443,       0.140925793
       0.683863967,      -0.177852233
       0.572427275,      -0.486878733
       0.329701022,      -0.708714629
      0.0392129161,      -0.790765186
      -0.228720641,      -0.752586416
      -0.435046703,      -0.633662388
      -0.572672641,      -0.476148703
      -0.644718576,      -0.300773576
      -0.657041514,       -0.13141211
       -0.62655681,      0.0214465576
      -0.555041432,       0.153969919
      -0.462136746,        0.24413072
      -0.361762127,       0.301308716
      -0.256300836,       0.340049713
      -0.150464925,       0.368412458
     -0.0299249439,       0.372962759
       0.116286116,       0.344230739
       0.267011394,       0.259783296
       0.388288046,        0.10589742
       0.439609323,      -0.111637499
       0.387892554,      -0.353359722
       0.226657951,      -0.532964495
     0.00634780137,      -0.621639007
       -0.20883539,      -0.610163679
      -0.381980829,      -0.519737992
      -0.503265918,      -0.387805345
      -0.566748774,      -0.243825247
      -0.582527502,     -0.0962334455
       -0.55773174,      0.0459586987
      -0.493464282,       0.166875869
      -0.394435921,       0.270551978
      -0.267067504,       0.344623328
      -0.119423463,       0.374087487
      0.0458415124,       0.349133394
       0.203594848,       0.269164416
       0.317448619,       0.128681678
       0.367216099,     -0.0646000072
        0.34941703,      -0.255919687
       0.254123676,      -0.414004495
       0.107572596,       -0.52535164
     -0.0562905492,      -0.580836331
      -0.212489371,      -0.566007861
      -0.350409272,      -0.505936914
      -0.453333959,      -0.422202554
END
