# Created Sun Oct 10 19:44:52 2021

CITIFILE A.01.00
NAME CM
VAR freq MAG 201
DATA s1_1 RI
VAR_LIST_BEGIN
            300000
          42798500
          85297000
         127795500
         170294000
         212792500
         255291000
         297789500
         340288000
         382786500
         425285000
         467783500
         510282000
         552780500
         595279000
         637777500
         680276000
         722774500
         765273000
         807771500
         850270000
         892768500
         935267000
         977765500
     1.020264e+009
    1.0627625e+009
     1.105261e+009
    1.1477595e+009
     1.190258e+009
    1.2327565e+009
     1.275255e+009
    1.3177535e+009
     1.360252e+009
    1.4027505e+009
     1.445249e+009
    1.4877475e+009
     1.530246e+009
    1.5727445e+009
     1.615243e+009
    1.6577415e+009
      1.70024e+009
    1.7427385e+009
     1.785237e+009
    1.8277355e+009
     1.870234e+009
    1.9127325e+009
     1.955231e+009
    1.9977295e+009
     2.040228e+009
    2.0827265e+009
     2.125225e+009
    2.1677235e+009
     2.210222e+009
    2.2527205e+009
     2.295219e+009
    2.3377175e+009
     2.380216e+009
    2.4227145e+009
     2.465213e+009
    2.5077115e+009
      2.55021e+009
    2.5927085e+009
     2.635207e+009
    2.6777055e+009
     2.720204e+009
    2.7627025e+009
     2.805201e+009
    2.8476995e+009
     2.890198e+009
    2.9326965e+009
     2.975195e+009
    3.0176935e+009
     3.060192e+009
    3.1026905e+009
     3.145189e+009
    3.1876875e+009
     3.230186e+009
    3.2726845e+009
     3.315183e+009
    3.3576815e+009
      3.40018e+009
    3.4426785e+009
     3.485177e+009
    3.5276755e+009
     3.570174e+009
    3.6126725e+009
     3.655171e+009
    3.6976695e+009
     3.740168e+009
    3.7826665e+009
     3.825165e+009
    3.8676635e+009
     3.910162e+009
    3.9526605e+009
     3.995159e+009
    4.0376575e+009
     4.080156e+009
    4.1226545e+009
     4.165153e+009
    4.2076515e+009
      4.25015e+009
    4.2926485e+009
     4.335147e+009
    4.3776455e+009
     4.420144e+009
    4.4626425e+009
     4.505141e+009
    4.5476395e+009
     4.590138e+009
    4.6326365e+009
     4.675135e+009
    4.7176335e+009
     4.760132e+009
    4.8026305e+009
     4.845129e+009
    4.8876275e+009
     4.930126e+009
    4.9726245e+009
     5.015123e+009
    5.0576215e+009
      5.10012e+009
    5.1426185e+009
     5.185117e+009
    5.2276155e+009
     5.270114e+009
    5.3126125e+009
     5.355111e+009
    5.3976095e+009
     5.440108e+009
    5.4826065e+009
     5.525105e+009
    5.5676035e+009
     5.610102e+009
    5.6526005e+009
     5.695099e+009
    5.7375975e+009
     5.780096e+009
    5.8225945e+009
     5.865093e+009
    5.9075915e+009
      5.95009e+009
    5.9925885e+009
     6.035087e+009
    6.0775855e+009
     6.120084e+009
    6.1625825e+009
     6.205081e+009
    6.2475795e+009
     6.290078e+009
    6.3325765e+009
     6.375075e+009
    6.4175735e+009
     6.460072e+009
    6.5025705e+009
     6.545069e+009
    6.5875675e+009
     6.630066e+009
    6.6725645e+009
     6.715063e+009
    6.7575615e+009
      6.80006e+009
    6.8425585e+009
     6.885057e+009
    6.9275555e+009
     6.970054e+009
    7.0125525e+009
     7.055051e+009
    7.0975495e+009
     7.140048e+009
    7.1825465e+009
     7.225045e+009
    7.2675435e+009
     7.310042e+009
    7.3525405e+009
     7.395039e+009
    7.4375375e+009
     7.480036e+009
    7.5225345e+009
     7.565033e+009
    7.6075315e+009
      7.65003e+009
    7.6925285e+009
     7.735027e+009
    7.7775255e+009
     7.820024e+009
    7.8625225e+009
     7.905021e+009
    7.9475195e+009
     7.990018e+009
    8.0325165e+009
     8.075015e+009
    8.1175135e+009
     8.160012e+009
    8.2025105e+009
     8.245009e+009
    8.2875075e+009
     8.330006e+009
    8.3725045e+009
     8.415003e+009
    8.4575015e+009
          8.5e+009
VAR_LIST_END
BEGIN
     0.00389995734,   -0.000761426048
    -0.00852864833,     -0.0785319819
     -0.0440833097,      -0.148812353
     -0.0979930226,      -0.204893637
      -0.164953448,      -0.241581426
      -0.238786627,      -0.256829513
      -0.313198886,      -0.249068349
      -0.379695929,      -0.222958888
      -0.437544703,      -0.180892481
       -0.48277314,      -0.125420034
      -0.513868104,     -0.0595354841
      -0.525090229,       0.013182585
      -0.520071686,      0.0875810173
      -0.493860303,         0.1618455
      -0.448785564,       0.228221665
      -0.383883421,        0.28664295
      -0.298596273,       0.326337733
      -0.198285332,       0.339908847
     -0.0899915753,       0.321568931
      0.0165351091,       0.264482869
       0.102717526,        0.16502228
       0.149603447,      0.0331903427
       0.141060819,      -0.112440882
      0.0780588728,      -0.246854689
     -0.0302934432,      -0.344165606
      -0.162348115,      -0.393468017
      -0.297665634,      -0.396165187
      -0.418839863,      -0.356096928
      -0.516783042,      -0.284138573
      -0.588956378,      -0.192247104
      -0.631877415,     -0.0884658091
      -0.646476965,      0.0234931032
      -0.632558396,       0.134073737
      -0.590558267,       0.240702276
      -0.518779467,        0.33840494
      -0.419418523,       0.417016947
      -0.292432623,       0.468799255
      -0.141609361,       0.480007533
      0.0180334626,       0.441180166
       0.170384772,       0.338826512
       0.279596415,       0.171377298
       0.313297052,     -0.0377042768
       0.252800577,      -0.247253925
       0.114015848,      -0.410178619
     -0.0691598162,      -0.495920833
      -0.257748899,      -0.503956311
      -0.421555792,       -0.45247079
       -0.54983703,      -0.358706308
      -0.637441018,      -0.240705692
      -0.687326468,      -0.111468525
      -0.700441285,      0.0217345908
      -0.681397661,       0.153971393
      -0.630616365,       0.276802759
      -0.547410024,       0.386285048
      -0.430069682,       0.480219824
      -0.280973652,       0.541108648
      -0.105590488,       0.555699161
      0.0879491777,       0.508578492
       0.267445035,       0.382302363
       0.393450718,       0.176938603
       0.425633759,     -0.0777039117
       0.342539413,       -0.32468192
         0.1633575,      -0.506634252
     -0.0593972587,       -0.59267199
      -0.275015331,      -0.586145714
      -0.454829794,      -0.513513697
      -0.587281321,      -0.400140097
      -0.673047478,      -0.267071304
      -0.719729707,      -0.128529316
      -0.729511499,      0.0100322048
      -0.706578603,       0.143798975
      -0.656960677,       0.270648987
      -0.574577628,       0.382889785
      -0.459478944,       0.480191427
      -0.317111921,       0.551855731
        -0.1428649,        0.58115661
      0.0590924228,        0.55242083
       0.264997081,       0.441747124
       0.422440192,       0.234163875
        0.47945084,     -0.0462954066
        0.39681393,       -0.32807346
       0.198881447,      -0.528914781
      -0.049065351,      -0.618196081
      -0.281086659,      -0.601834152
      -0.465273269,      -0.514716013
       -0.59671599,      -0.388659914
      -0.678060365,      -0.247328632
      -0.717719051,      -0.100657568
      -0.719030538,      0.0435127489
      -0.686785185,        0.18001283
      -0.625131088,       0.309275108
      -0.530605264,       0.423363324
       -0.40204695,       0.513530512
      -0.238178722,       0.574121912
      -0.049276156,        0.58642519
       0.159127845,       0.529319329
       0.357102526,       0.381754458
       0.489672152,       0.143545264
       0.500672807,      -0.146639137
       0.377277404,       -0.41445404
       0.155769998,       -0.58768146
     -0.0951233927,      -0.640261955
      -0.318443795,      -0.595748004
      -0.488570317,      -0.489550988
      -0.603080062,       -0.35387909
       -0.66611548,      -0.205022901
       -0.68568498,     -0.0527972539
      -0.671025438,      0.0895317636
      -0.618157958,       0.222826305
      -0.529447937,       0.341196005
      -0.414037384,       0.444439945
      -0.261357694,       0.511601781
     -0.0785445697,       0.531940082
       0.128611402,       0.490296867
       0.321239286,       0.361826988
       0.462653832,       0.143069456
       0.499393427,      -0.135476605
       0.403664023,      -0.402206498
        0.20092806,      -0.591328261
     -0.0393814212,      -0.667365564
      -0.262244156,      -0.648333312
      -0.440667316,      -0.562704423
      -0.568189214,       -0.44041826
      -0.647360771,      -0.303128255
      -0.683526134,      -0.166441076
      -0.687758729,     -0.0303045812
      -0.657879105,       0.102929996
      -0.604441896,       0.218110498
      -0.525475219,       0.316807907
      -0.410904122,       0.401822931
      -0.277095986,       0.465654481
      -0.112222394,       0.485137888
      0.0756670772,         0.4415175
       0.257754112,       0.320132734
       0.384032729,       0.107116064
       0.391073118,      -0.167699216
       0.257916383,       -0.41816995
      0.0210553272,      -0.551437209
      -0.227926856,      -0.556420846
       -0.42190084,      -0.461908647
      -0.552071879,      -0.323034825
      -0.613313883,      -0.164039678
      -0.621587279,    -0.00739195316
      -0.591317928,       0.139384104
      -0.520121822,       0.271952637
      -0.407580564,       0.381160895
      -0.259739325,       0.457728215
     -0.0800566562,       0.490451034
       0.116900852,       0.452077787
       0.317379465,       0.329001989
       0.463304298,       0.108137118
       0.487571787,      -0.191061071
       0.345954238,      -0.474101719
      0.0847976232,      -0.630340576
      -0.194646871,      -0.632375274
      -0.409004533,      -0.522543517
      -0.538413349,      -0.363181897
      -0.590338909,      -0.193273485
      -0.583671019,      -0.030036647
      -0.534006033,       0.111789858
      -0.444086003,       0.224285319
      -0.325302098,       0.305882445
      -0.177753867,       0.343696624
     -0.0190251908,       0.327734343
       0.132265874,       0.252319605
          0.245884,       0.105346504
       0.292831922,       -0.08735857
       0.242973012,      -0.280676859
       0.107369575,      -0.425087846
     -0.0627133618,      -0.494682667
      -0.227902982,      -0.487684826
      -0.367139134,      -0.420118357
      -0.468363482,      -0.323480169
        -0.5259512,      -0.217127303
      -0.547202514,     -0.0985470613
      -0.537157316,      0.0218521703
      -0.500988765,       0.124250593
       -0.43183763,       0.219627161
      -0.334510295,       0.297457031
      -0.214809224,       0.344288544
     -0.0745332478,         0.3511442
      0.0774060448,       0.306453116
        0.20731526,       0.201260801
        0.29163563,      0.0377398381
         0.2978254,      -0.150803634
       0.216617738,      -0.323108844
      0.0733418076,      -0.443774396
     -0.0898564966,      -0.488943538
      -0.247831438,      -0.459124309
      -0.377903884,      -0.386252094
      -0.461461438,      -0.284557699
      -0.500451347,      -0.160762072
      -0.511035314,     -0.0335070959
      -0.474771452,      0.0807558356
      -0.394892656,       0.186919262
      -0.284978369,       0.273027957
      -0.147919548,       0.311237621
      0.0223629239,       0.291106424
       0.189114949,       0.200855877
       0.298506357,      0.0391846026
        0.32646543,      -0.177877546
END
