# Created Sun Oct 10 19:54:54 2021

CITIFILE A.01.00
NAME CM
VAR freq MAG 201
DATA s1_1 RI
VAR_LIST_BEGIN
            300000
          42798500
          85297000
         127795500
         170294000
         212792500
         255291000
         297789500
         340288000
         382786500
         425285000
         467783500
         510282000
         552780500
         595279000
         637777500
         680276000
         722774500
         765273000
         807771500
         850270000
         892768500
         935267000
         977765500
     1.020264e+009
    1.0627625e+009
     1.105261e+009
    1.1477595e+009
     1.190258e+009
    1.2327565e+009
     1.275255e+009
    1.3177535e+009
     1.360252e+009
    1.4027505e+009
     1.445249e+009
    1.4877475e+009
     1.530246e+009
    1.5727445e+009
     1.615243e+009
    1.6577415e+009
      1.70024e+009
    1.7427385e+009
     1.785237e+009
    1.8277355e+009
     1.870234e+009
    1.9127325e+009
     1.955231e+009
    1.9977295e+009
     2.040228e+009
    2.0827265e+009
     2.125225e+009
    2.1677235e+009
     2.210222e+009
    2.2527205e+009
     2.295219e+009
    2.3377175e+009
     2.380216e+009
    2.4227145e+009
     2.465213e+009
    2.5077115e+009
      2.55021e+009
    2.5927085e+009
     2.635207e+009
    2.6777055e+009
     2.720204e+009
    2.7627025e+009
     2.805201e+009
    2.8476995e+009
     2.890198e+009
    2.9326965e+009
     2.975195e+009
    3.0176935e+009
     3.060192e+009
    3.1026905e+009
     3.145189e+009
    3.1876875e+009
     3.230186e+009
    3.2726845e+009
     3.315183e+009
    3.3576815e+009
      3.40018e+009
    3.4426785e+009
     3.485177e+009
    3.5276755e+009
     3.570174e+009
    3.6126725e+009
     3.655171e+009
    3.6976695e+009
     3.740168e+009
    3.7826665e+009
     3.825165e+009
    3.8676635e+009
     3.910162e+009
    3.9526605e+009
     3.995159e+009
    4.0376575e+009
     4.080156e+009
    4.1226545e+009
     4.165153e+009
    4.2076515e+009
      4.25015e+009
    4.2926485e+009
     4.335147e+009
    4.3776455e+009
     4.420144e+009
    4.4626425e+009
     4.505141e+009
    4.5476395e+009
     4.590138e+009
    4.6326365e+009
     4.675135e+009
    4.7176335e+009
     4.760132e+009
    4.8026305e+009
     4.845129e+009
    4.8876275e+009
     4.930126e+009
    4.9726245e+009
     5.015123e+009
    5.0576215e+009
      5.10012e+009
    5.1426185e+009
     5.185117e+009
    5.2276155e+009
     5.270114e+009
    5.3126125e+009
     5.355111e+009
    5.3976095e+009
     5.440108e+009
    5.4826065e+009
     5.525105e+009
    5.5676035e+009
     5.610102e+009
    5.6526005e+009
     5.695099e+009
    5.7375975e+009
     5.780096e+009
    5.8225945e+009
     5.865093e+009
    5.9075915e+009
      5.95009e+009
    5.9925885e+009
     6.035087e+009
    6.0775855e+009
     6.120084e+009
    6.1625825e+009
     6.205081e+009
    6.2475795e+009
     6.290078e+009
    6.3325765e+009
     6.375075e+009
    6.4175735e+009
     6.460072e+009
    6.5025705e+009
     6.545069e+009
    6.5875675e+009
     6.630066e+009
    6.6725645e+009
     6.715063e+009
    6.7575615e+009
      6.80006e+009
    6.8425585e+009
     6.885057e+009
    6.9275555e+009
     6.970054e+009
    7.0125525e+009
     7.055051e+009
    7.0975495e+009
     7.140048e+009
    7.1825465e+009
     7.225045e+009
    7.2675435e+009
     7.310042e+009
    7.3525405e+009
     7.395039e+009
    7.4375375e+009
     7.480036e+009
    7.5225345e+009
     7.565033e+009
    7.6075315e+009
      7.65003e+009
    7.6925285e+009
     7.735027e+009
    7.7775255e+009
     7.820024e+009
    7.8625225e+009
     7.905021e+009
    7.9475195e+009
     7.990018e+009
    8.0325165e+009
     8.075015e+009
    8.1175135e+009
     8.160012e+009
    8.2025105e+009
     8.245009e+009
    8.2875075e+009
     8.330006e+009
    8.3725045e+009
     8.415003e+009
    8.4575015e+009
          8.5e+009
VAR_LIST_END
BEGIN
      0.0026786878,   -0.000998375176
    -0.00942105002,     -0.0775430886
     -0.0451758529,      -0.147095022
     -0.0999595111,      -0.202770603
      -0.166544393,      -0.237580178
      -0.239338478,      -0.251299109
      -0.312785033,      -0.243255027
      -0.379465607,      -0.215884635
      -0.435638902,      -0.172553371
      -0.478827571,      -0.116573379
      -0.507327697,     -0.0521668374
      -0.518745201,      0.0186846548
      -0.512167606,      0.0919147934
      -0.486948365,       0.163083516
      -0.442352497,        0.22806233
       -0.37926853,       0.282961809
      -0.298044181,       0.320994456
      -0.203552879,       0.334571243
      -0.101310357,        0.31831581
    -0.00167358292,       0.264187678
      0.0793436719,       0.174414716
       0.124413684,      0.0542166447
        0.12060395,     -0.0804629336
      0.0662411823,      -0.205451701
      -0.030532909,      -0.299019243
       -0.15164147,      -0.349183401
      -0.278185784,      -0.355772712
      -0.392064519,      -0.321213746
      -0.485910458,      -0.256194553
      -0.554225706,      -0.171567905
      -0.595436157,     -0.0747544146
      -0.610110156,      0.0284377524
      -0.598427772,       0.130894678
      -0.561266669,       0.229143264
      -0.496691601,       0.319440589
      -0.407018746,       0.392111827
      -0.292860009,       0.440726303
      -0.157189703,       0.453013873
     -0.0137962267,       0.420891554
       0.123224822,       0.332855093
       0.222814283,       0.188330228
       0.258871126,      0.0066153981
       0.214815403,      -0.179561444
        0.10034777,      -0.328755182
     -0.0576225356,      -0.413359366
      -0.223489416,      -0.431467937
      -0.373815044,      -0.393738504
      -0.493412483,      -0.316308889
      -0.579389814,      -0.213126031
       -0.63018902,     -0.0972372151
      -0.645634201,      0.0241850521
      -0.631690502,       0.145879202
      -0.586412505,       0.258564195
      -0.512502797,       0.358757098
       -0.40566849,       0.442532304
      -0.272680191,       0.495782593
      -0.117073133,       0.507540372
      0.0506417234,       0.462677377
       0.204384761,       0.353079893
       0.309820187,       0.175870919
       0.335983716,     -0.0385135237
       0.268482938,      -0.244972032
       0.123507256,      -0.400401543
     -0.0601828875,      -0.478694825
      -0.242939547,      -0.481638627
       -0.39969961,      -0.426712645
       -0.51947966,      -0.334907428
      -0.600556623,        -0.2214966
      -0.645998514,      -0.098038702
      -0.656761257,      0.0268703659
      -0.636012937,        0.14935777
      -0.587032285,       0.264515532
      -0.505261968,       0.363765898
       -0.39382483,       0.443037861
      -0.258739151,       0.492933254
      -0.100057661,        0.49595788
      0.0679866137,       0.440145496
       0.215081798,       0.317624374
        0.30451698,       0.133406073
       0.308050622,     -0.0820272524
       0.218536559,      -0.274634589
      0.0622345026,      -0.402020194
      -0.120404759,      -0.453390187
      -0.290113074,      -0.434442544
      -0.426784818,      -0.364614099
      -0.525351515,       -0.26354561
      -0.585176284,      -0.148342969
      -0.610149533,     -0.0276375878
       -0.60069625,      0.0901978227
      -0.560510944,       0.200670206
      -0.493530303,       0.299520096
      -0.397713383,       0.377346652
      -0.277736651,       0.425375482
      -0.135741146,       0.437153022
      0.0082164088,       0.399436272
       0.139843576,        0.30177818
       0.228023267,        0.15208122
       0.246351752,     -0.0258351447
       0.186401492,      -0.191980109
      0.0657350825,      -0.314621658
      -0.081891378,      -0.372165025
      -0.227541636,      -0.365290586
      -0.348642856,      -0.312097894
      -0.434902426,      -0.229705234
      -0.485960202,      -0.130911722
      -0.502311867,     -0.0282770597
      -0.487120521,      0.0710046488
      -0.446515749,       0.158985136
      -0.377490132,       0.230296927
      -0.285769191,        0.27601262
      -0.184864995,       0.294113907
     -0.0776932133,        0.27269117
      0.0166517984,       0.208812256
      0.0856688977,       0.111399417
       0.104814352,    -0.00518203781
      0.0721403615,      -0.121466999
   -0.000191867416,      -0.208802571
     -0.0931283757,      -0.252743109
      -0.192702978,      -0.255614114
      -0.274682135,      -0.224124141
      -0.333248536,      -0.170562509
      -0.363073329,      -0.101115352
      -0.366645497,     -0.0331354155
      -0.347636308,      0.0268167087
      -0.305179218,      0.0703084151
       -0.25194979,      0.0966654868
      -0.190778312,      0.0978194574
      -0.139832521,      0.0694636188
      -0.106120489,      0.0160757453
     -0.0983742305,     -0.0487659199
      -0.131065381,      -0.105370537
      -0.190363839,       -0.14243352
      -0.260770766,      -0.147469033
      -0.325103634,      -0.116910635
      -0.376311732,       -0.06164818
      -0.401609072,     0.00989020995
      -0.397131704,      0.0894068029
      -0.363543665,       0.168278384
      -0.306276818,       0.236421816
      -0.225132205,       0.285004834
        -0.1238754,       0.309503398
    -0.00681738205,       0.301001282
       0.112997571,       0.245662328
       0.218086254,       0.141403347
       0.279448942,     -0.0133350491
       0.264105132,      -0.194145345
       0.167615603,      -0.357339114
     0.00985109386,      -0.456311789
      -0.171243996,      -0.478431078
      -0.329740177,      -0.428859322
      -0.450485695,      -0.332174611
      -0.528436004,      -0.205784373
      -0.552930842,     -0.0737205799
      -0.543053947,      0.0572432907
       -0.49662812,       0.181477245
       -0.41533232,       0.288291872
      -0.305404191,       0.367168918
      -0.164832022,       0.424162353
    0.000956182273,       0.432133653
       0.179699876,       0.381598805
       0.347212878,       0.255271855
        0.46434647,       0.056748195
       0.480420079,      -0.199068614
       0.382762878,      -0.436779151
       0.191446494,      -0.603301693
     -0.0404959363,      -0.664732593
      -0.251528803,      -0.636958071
      -0.417312893,      -0.540768089
       -0.53456709,      -0.411746812
      -0.599713066,      -0.273738333
      -0.620631341,       -0.13101674
      -0.606077502,     0.00822390728
      -0.566361921,       0.135904374
      -0.491232115,       0.243681196
      -0.386432849,       0.337943922
      -0.253816167,       0.412905566
      -0.100645336,       0.443896044
      0.0817624297,       0.425757821
       0.265391538,       0.341873054
       0.418732263,       0.179697915
       0.501100248,      -0.060405544
       0.469497065,      -0.317360591
       0.322119809,      -0.533642987
       0.103637452,      -0.658839823
      -0.120510389,      -0.679067262
       -0.31662569,      -0.614976451
      -0.463495544,      -0.509043001
      -0.556281499,      -0.371635073
      -0.602481645,      -0.222605042
      -0.614317261,     -0.0790109826
      -0.581988455,      0.0612367466
      -0.510307939,       0.193812852
      -0.411891664,       0.310406892
      -0.265630526,       0.388168292
     -0.0751436395,        0.42892209
       0.130462097,       0.407257373
       0.327988164,       0.284690143
       0.484583991,      0.0568639921
       0.523634821,      -0.219942918
       0.419386373,       -0.48039842
       0.215188891,      -0.666911713
END
