# Created Sun Oct 10 20:30:52 2021

CITIFILE A.01.00
NAME CM
VAR freq MAG 201
DATA s1_1 RI
VAR_LIST_BEGIN
            300000
          42798500
          85297000
         127795500
         170294000
         212792500
         255291000
         297789500
         340288000
         382786500
         425285000
         467783500
         510282000
         552780500
         595279000
         637777500
         680276000
         722774500
         765273000
         807771500
         850270000
         892768500
         935267000
         977765500
     1.020264e+009
    1.0627625e+009
     1.105261e+009
    1.1477595e+009
     1.190258e+009
    1.2327565e+009
     1.275255e+009
    1.3177535e+009
     1.360252e+009
    1.4027505e+009
     1.445249e+009
    1.4877475e+009
     1.530246e+009
    1.5727445e+009
     1.615243e+009
    1.6577415e+009
      1.70024e+009
    1.7427385e+009
     1.785237e+009
    1.8277355e+009
     1.870234e+009
    1.9127325e+009
     1.955231e+009
    1.9977295e+009
     2.040228e+009
    2.0827265e+009
     2.125225e+009
    2.1677235e+009
     2.210222e+009
    2.2527205e+009
     2.295219e+009
    2.3377175e+009
     2.380216e+009
    2.4227145e+009
     2.465213e+009
    2.5077115e+009
      2.55021e+009
    2.5927085e+009
     2.635207e+009
    2.6777055e+009
     2.720204e+009
    2.7627025e+009
     2.805201e+009
    2.8476995e+009
     2.890198e+009
    2.9326965e+009
     2.975195e+009
    3.0176935e+009
     3.060192e+009
    3.1026905e+009
     3.145189e+009
    3.1876875e+009
     3.230186e+009
    3.2726845e+009
     3.315183e+009
    3.3576815e+009
      3.40018e+009
    3.4426785e+009
     3.485177e+009
    3.5276755e+009
     3.570174e+009
    3.6126725e+009
     3.655171e+009
    3.6976695e+009
     3.740168e+009
    3.7826665e+009
     3.825165e+009
    3.8676635e+009
     3.910162e+009
    3.9526605e+009
     3.995159e+009
    4.0376575e+009
     4.080156e+009
    4.1226545e+009
     4.165153e+009
    4.2076515e+009
      4.25015e+009
    4.2926485e+009
     4.335147e+009
    4.3776455e+009
     4.420144e+009
    4.4626425e+009
     4.505141e+009
    4.5476395e+009
     4.590138e+009
    4.6326365e+009
     4.675135e+009
    4.7176335e+009
     4.760132e+009
    4.8026305e+009
     4.845129e+009
    4.8876275e+009
     4.930126e+009
    4.9726245e+009
     5.015123e+009
    5.0576215e+009
      5.10012e+009
    5.1426185e+009
     5.185117e+009
    5.2276155e+009
     5.270114e+009
    5.3126125e+009
     5.355111e+009
    5.3976095e+009
     5.440108e+009
    5.4826065e+009
     5.525105e+009
    5.5676035e+009
     5.610102e+009
    5.6526005e+009
     5.695099e+009
    5.7375975e+009
     5.780096e+009
    5.8225945e+009
     5.865093e+009
    5.9075915e+009
      5.95009e+009
    5.9925885e+009
     6.035087e+009
    6.0775855e+009
     6.120084e+009
    6.1625825e+009
     6.205081e+009
    6.2475795e+009
     6.290078e+009
    6.3325765e+009
     6.375075e+009
    6.4175735e+009
     6.460072e+009
    6.5025705e+009
     6.545069e+009
    6.5875675e+009
     6.630066e+009
    6.6725645e+009
     6.715063e+009
    6.7575615e+009
      6.80006e+009
    6.8425585e+009
     6.885057e+009
    6.9275555e+009
     6.970054e+009
    7.0125525e+009
     7.055051e+009
    7.0975495e+009
     7.140048e+009
    7.1825465e+009
     7.225045e+009
    7.2675435e+009
     7.310042e+009
    7.3525405e+009
     7.395039e+009
    7.4375375e+009
     7.480036e+009
    7.5225345e+009
     7.565033e+009
    7.6075315e+009
      7.65003e+009
    7.6925285e+009
     7.735027e+009
    7.7775255e+009
     7.820024e+009
    7.8625225e+009
     7.905021e+009
    7.9475195e+009
     7.990018e+009
    8.0325165e+009
     8.075015e+009
    8.1175135e+009
     8.160012e+009
    8.2025105e+009
     8.245009e+009
    8.2875075e+009
     8.330006e+009
    8.3725045e+009
     8.415003e+009
    8.4575015e+009
          8.5e+009
VAR_LIST_END
BEGIN
        1.00061014,     -0.0226009038
       -0.53774458,       -0.84086237
      -0.955157166,      -0.273586507
      -0.982383082,       0.129784559
      -0.880713591,       0.443252221
      -0.688231965,       0.701501383
       -0.40093131,       0.889893241
    -0.00595634479,       0.971726713
        0.46415791,       0.852276029
       0.859050227,       0.448862706
       0.956310598,      -0.157582334
       0.692671813,      -0.683470076
       0.246464743,      -0.943696277
      -0.181304647,      -0.962991152
      -0.505287361,      -0.838945549
      -0.724908547,      -0.655173471
      -0.865710523,      -0.450417528
      -0.942453247,      -0.242803901
      -0.968907338,     -0.0381292078
      -0.953017658,       0.159171507
      -0.894711188,       0.352355187
      -0.791682698,       0.538159156
      -0.638453115,       0.707794742
      -0.418912199,       0.850014912
       -0.12124086,       0.932882422
       0.244031004,        0.90635163
       0.628769138,       0.693730561
       0.903382217,       0.260596237
       0.902446605,      -0.288894441
       0.608229871,      -0.737302542
       0.182956798,      -0.947408159
      -0.214385031,       -0.94299786
      -0.517423942,      -0.814787701
      -0.726483928,       -0.63320493
      -0.855998466,      -0.433509901
      -0.925876976,      -0.232523495
      -0.949533111,     -0.0378249255
      -0.932289192,       0.149883681
      -0.879394361,       0.331112704
      -0.784285943,       0.500880832
      -0.649014909,       0.655208717
      -0.464650817,       0.791859881
       -0.21901603,        0.88377695
      0.0916241227,       0.897212533
       0.442691487,       0.781105394
       0.757672852,        0.48298083
       0.906730679,      0.0139346457
       0.784910032,      -0.483843143
       0.436606304,       -0.82367949
      0.0236888237,      -0.941884781
      -0.331718444,      -0.885693296
      -0.593877983,      -0.733296052
      -0.769483714,      -0.542661338
      -0.871397416,      -0.342144792
      -0.918979497,      -0.141625569
      -0.921148567,       0.051412586
      -0.884820017,       0.233809534
      -0.808844935,        0.40715485
      -0.696879404,       0.569594265
       -0.53581738,       0.709978498
      -0.318541095,        0.81649252
     -0.0444205532,       0.869001734
        0.27869205,       0.817200032
       0.607320943,       0.610018173
       0.838677621,       0.224331034
       0.841539598,      -0.258891072
       0.597370777,       -0.67405484
       0.213208443,      -0.887302193
      -0.161435157,      -0.902302089
      -0.456693092,      -0.795658853
      -0.663288692,      -0.628761364
      -0.793793646,      -0.439503886
      -0.863118849,      -0.250866031
      -0.886448763,     -0.0665387364
      -0.873772587,       0.110192369
      -0.823941226,       0.271065387
      -0.743415074,        0.42182188
      -0.626363833,       0.567548856
      -0.470608858,       0.688143301
      -0.266412734,       0.773192872
     -0.0111801507,        0.80270567
       0.276853371,         0.7450401
       0.569225249,         0.5533688
       0.776822953,       0.201435427
        0.78719149,      -0.239027637
       0.569699493,      -0.628181489
       0.215095167,      -0.842123588
      -0.144592557,      -0.868838016
      -0.435479778,      -0.769778935
      -0.638972314,      -0.608296909
      -0.766911341,       -0.42377901
       -0.83762534,       -0.23658278
      -0.858368414,     -0.0538223698
        -0.8399462,       0.122746537
      -0.791914999,       0.286663621
      -0.707219814,       0.439244453
      -0.580822068,       0.579109485
      -0.414307897,        0.70085335
      -0.200576535,       0.783621069
      0.0660304311,       0.801799578
       0.372650127,       0.719895527
        0.66602291,       0.488076433
       0.845304516,      0.0985826921
       0.802040583,      -0.358352405
       0.531492668,      -0.722748079
       0.158027723,      -0.895181703
      -0.196187104,      -0.883244136
      -0.465261297,       -0.76192434
      -0.650272355,      -0.588864031
      -0.760401505,      -0.401081544
      -0.821077793,      -0.213516857
      -0.831779909,     -0.0335046062
      -0.805251766,       0.135738593
      -0.740601264,       0.304158709
      -0.644617945,       0.451721066
      -0.510722897,       0.582453435
       -0.32195182,       0.690089035
     -0.0843940807,       0.752165915
       0.197030019,       0.732955563
       0.505867452,       0.584523983
       0.757174157,       0.271248217
       0.825130234,      -0.171074099
       0.649403401,      -0.589854339
       0.302855845,      -0.841945416
     -0.0651586341,       -0.88947616
      -0.359808867,      -0.804595343
      -0.566924139,      -0.647609052
      -0.697611804,      -0.473274358
      -0.765629063,      -0.300681019
      -0.784051258,      -0.131226693
       -0.78100675,      0.0261887269
       -0.74380149,       0.168531137
      -0.678870151,       0.297223097
      -0.592550064,       0.420810135
      -0.481663928,       0.525081421
      -0.339682601,       0.609299682
      -0.161224144,       0.671934611
       0.054950858,       0.687187908
       0.297463605,       0.632524299
       0.543655045,        0.47172184
       0.731051523,       0.183614843
       0.774992629,      -0.203060661
       0.609266052,      -0.577270643
       0.291621781,      -0.804445249
       -0.05465517,      -0.850530511
      -0.342866605,      -0.765345394
      -0.545741022,      -0.607722409
       -0.67002181,      -0.424689589
      -0.732824566,      -0.239434892
      -0.739653323,     -0.0546010176
      -0.708431814,       0.111284343
      -0.645294228,       0.264229053
      -0.541630794,       0.392013322
      -0.410749764,       0.504033453
      -0.247357123,       0.584446752
     -0.0502088126,       0.620391881
       0.173939181,       0.594045364
       0.400397362,       0.487915238
       0.599822959,       0.284753537
       0.705722534,     -0.0137094022
       0.666618688,      -0.348376244
       0.481428044,      -0.629060724
       0.203183565,      -0.789110266
      -0.083122342,      -0.814250725
      -0.326698137,      -0.737160385
       -0.50460001,      -0.601119882
      -0.621076577,      -0.443755283
      -0.680716844,      -0.275671481
      -0.696884798,      -0.111901148
      -0.675902409,      0.0402439478
      -0.617465331,       0.180596506
       -0.53091392,       0.306078874
       -0.41805162,       0.411439205
      -0.271776201,       0.486926707
     -0.0912467648,       0.524260932
       0.105288847,       0.514073454
       0.307677149,       0.421031811
       0.492945576,       0.243706605
       0.594256878,       -0.01585306
       0.569111714,      -0.310475196
       0.408005893,      -0.571044003
       0.161137963,      -0.715871884
      -0.102386239,      -0.740955954
      -0.327662522,      -0.672072428
      -0.489171767,      -0.544921938
        -0.5909857,         -0.388456
      -0.642351946,      -0.232543595
       -0.64539292,     -0.0739759736
      -0.610863034,      0.0768618802
      -0.544354451,       0.211167812
      -0.437658812,       0.322669044
      -0.293832694,       0.412607329
      -0.125797668,       0.461362438
      0.0722668278,       0.440554451
       0.283497638,        0.34680395
       0.445650149,       0.167495804
       0.513583369,     -0.0886383687
       0.464808737,      -0.365332704
       0.307733591,      -0.571910676
      0.0870163362,      -0.680075358
      -0.135259727,      -0.700704363
END
