# Created Sun Oct 10 20:18:47 2021

CITIFILE A.01.00
NAME CM
VAR freq MAG 201
DATA s1_1 RI
VAR_LIST_BEGIN
            300000
          42798500
          85297000
         127795500
         170294000
         212792500
         255291000
         297789500
         340288000
         382786500
         425285000
         467783500
         510282000
         552780500
         595279000
         637777500
         680276000
         722774500
         765273000
         807771500
         850270000
         892768500
         935267000
         977765500
     1.020264e+009
    1.0627625e+009
     1.105261e+009
    1.1477595e+009
     1.190258e+009
    1.2327565e+009
     1.275255e+009
    1.3177535e+009
     1.360252e+009
    1.4027505e+009
     1.445249e+009
    1.4877475e+009
     1.530246e+009
    1.5727445e+009
     1.615243e+009
    1.6577415e+009
      1.70024e+009
    1.7427385e+009
     1.785237e+009
    1.8277355e+009
     1.870234e+009
    1.9127325e+009
     1.955231e+009
    1.9977295e+009
     2.040228e+009
    2.0827265e+009
     2.125225e+009
    2.1677235e+009
     2.210222e+009
    2.2527205e+009
     2.295219e+009
    2.3377175e+009
     2.380216e+009
    2.4227145e+009
     2.465213e+009
    2.5077115e+009
      2.55021e+009
    2.5927085e+009
     2.635207e+009
    2.6777055e+009
     2.720204e+009
    2.7627025e+009
     2.805201e+009
    2.8476995e+009
     2.890198e+009
    2.9326965e+009
     2.975195e+009
    3.0176935e+009
     3.060192e+009
    3.1026905e+009
     3.145189e+009
    3.1876875e+009
     3.230186e+009
    3.2726845e+009
     3.315183e+009
    3.3576815e+009
      3.40018e+009
    3.4426785e+009
     3.485177e+009
    3.5276755e+009
     3.570174e+009
    3.6126725e+009
     3.655171e+009
    3.6976695e+009
     3.740168e+009
    3.7826665e+009
     3.825165e+009
    3.8676635e+009
     3.910162e+009
    3.9526605e+009
     3.995159e+009
    4.0376575e+009
     4.080156e+009
    4.1226545e+009
     4.165153e+009
    4.2076515e+009
      4.25015e+009
    4.2926485e+009
     4.335147e+009
    4.3776455e+009
     4.420144e+009
    4.4626425e+009
     4.505141e+009
    4.5476395e+009
     4.590138e+009
    4.6326365e+009
     4.675135e+009
    4.7176335e+009
     4.760132e+009
    4.8026305e+009
     4.845129e+009
    4.8876275e+009
     4.930126e+009
    4.9726245e+009
     5.015123e+009
    5.0576215e+009
      5.10012e+009
    5.1426185e+009
     5.185117e+009
    5.2276155e+009
     5.270114e+009
    5.3126125e+009
     5.355111e+009
    5.3976095e+009
     5.440108e+009
    5.4826065e+009
     5.525105e+009
    5.5676035e+009
     5.610102e+009
    5.6526005e+009
     5.695099e+009
    5.7375975e+009
     5.780096e+009
    5.8225945e+009
     5.865093e+009
    5.9075915e+009
      5.95009e+009
    5.9925885e+009
     6.035087e+009
    6.0775855e+009
     6.120084e+009
    6.1625825e+009
     6.205081e+009
    6.2475795e+009
     6.290078e+009
    6.3325765e+009
     6.375075e+009
    6.4175735e+009
     6.460072e+009
    6.5025705e+009
     6.545069e+009
    6.5875675e+009
     6.630066e+009
    6.6725645e+009
     6.715063e+009
    6.7575615e+009
      6.80006e+009
    6.8425585e+009
     6.885057e+009
    6.9275555e+009
     6.970054e+009
    7.0125525e+009
     7.055051e+009
    7.0975495e+009
     7.140048e+009
    7.1825465e+009
     7.225045e+009
    7.2675435e+009
     7.310042e+009
    7.3525405e+009
     7.395039e+009
    7.4375375e+009
     7.480036e+009
    7.5225345e+009
     7.565033e+009
    7.6075315e+009
      7.65003e+009
    7.6925285e+009
     7.735027e+009
    7.7775255e+009
     7.820024e+009
    7.8625225e+009
     7.905021e+009
    7.9475195e+009
     7.990018e+009
    8.0325165e+009
     8.075015e+009
    8.1175135e+009
     8.160012e+009
    8.2025105e+009
     8.245009e+009
    8.2875075e+009
     8.330006e+009
    8.3725045e+009
     8.415003e+009
    8.4575015e+009
          8.5e+009
VAR_LIST_END
BEGIN
        1.00041522,     -0.0224363688
      -0.595525111,      -0.799641493
      -0.985275326,      -0.120215999
      -0.909628628,       0.388252919
        -0.6045405,       0.773874139
     -0.0760854992,       0.976769948
       0.585036158,       0.772151611
       0.976764207,      0.0593595741
        0.70488028,      -0.687757585
       0.124265185,      -0.978481691
      -0.363253866,      -0.920754371
      -0.676954859,      -0.720019838
      -0.859300471,      -0.479727286
      -0.953481276,      -0.238486286
         -0.978854,    -0.00571996273
      -0.950998583,       0.217395117
      -0.872302471,       0.429707012
      -0.735191687,       0.628522084
      -0.531782504,       0.804545893
      -0.247586896,       0.928109287
       0.120999034,       0.947915473
       0.540671746,       0.792790916
       0.879288409,       0.391781855
       0.954265873,      -0.177482319
       0.702663048,      -0.682420594
       0.274472543,      -0.943333444
      -0.148439394,      -0.974089866
      -0.473848797,      -0.862625702
      -0.699963879,      -0.684453426
      -0.846275087,       -0.48486916
      -0.928742175,      -0.282622217
      -0.961612457,     -0.0836571854
      -0.955058695,        0.10673401
      -0.910389935,       0.290521295
      -0.825684454,       0.467804972
      -0.701758764,       0.632135673
      -0.527483242,       0.777525176
       -0.28772776,       0.886225591
      0.0148223166,       0.928905862
        0.36863911,       0.850239426
       0.716030269,       0.595354312
       0.930244035,       0.148181804
       0.874612922,      -0.379537541
         0.5642306,      -0.787738536
       0.144008875,      -0.962272927
      -0.241238968,      -0.939198815
      -0.535061133,      -0.807748616
      -0.734950425,       -0.62485872
      -0.859120457,      -0.424981237
      -0.927473447,       -0.22604816
      -0.946817823,     -0.0303390464
      -0.927853324,       0.160402558
      -0.871148799,       0.338128274
      -0.776357766,       0.503862347
      -0.638209112,       0.661543215
      -0.453711133,       0.793399839
      -0.212659603,       0.882633958
      0.0923295657,       0.899253674
       0.433582578,       0.795409616
        0.74976101,       0.517953415
       0.922558314,      0.0721322499
       0.842325569,      -0.421946006
       0.529945861,      -0.795303566
        0.12677877,      -0.954712194
      -0.240218179,      -0.930872844
      -0.520475365,      -0.800831646
      -0.713667825,      -0.624401799
       -0.83374436,      -0.432017372
      -0.899519107,      -0.240574584
      -0.920692312,     -0.0553499283
      -0.903871052,       0.122727853
      -0.857547175,       0.292253189
      -0.774236379,       0.450552143
      -0.652064425,       0.598757315
      -0.492632891,        0.72988366
      -0.283589517,       0.825332746
     -0.0153284503,       0.867084083
       0.303614538,       0.814901557
       0.627196774,       0.614256663
        0.86522032,       0.232396216
       0.881250127,      -0.259061528
       0.633933735,      -0.685432412
       0.235189628,      -0.911183289
      -0.153054747,      -0.918436113
      -0.436715023,      -0.809497664
      -0.653788308,      -0.648716396
      -0.790464795,      -0.455638612
      -0.863796619,      -0.259713449
      -0.887445004,     -0.0719276494
      -0.871425953,       0.105122469
      -0.824087593,       0.272860342
      -0.744881711,       0.428721992
      -0.628419312,       0.569509146
      -0.469312014,       0.694567781
      -0.273071362,        0.78839132
     -0.0243648105,        0.83194112
       0.274107445,       0.789517018
        0.58211585,       0.616820829
       0.820063174,       0.285572129
       0.880392913,      -0.166946726
       0.699840058,      -0.594691647
       0.348785601,      -0.859035694
     -0.0293217728,      -0.924317446
      -0.345726712,      -0.846126174
      -0.577262072,      -0.692090817
      -0.724427608,      -0.508150293
      -0.808579091,      -0.317261645
      -0.846767237,      -0.134150347
      -0.838468934,      0.0430669791
      -0.794384132,       0.209774756
      -0.725994383,       0.372445832
      -0.616590193,       0.514407818
      -0.468180146,       0.637440043
      -0.266236011,       0.737810753
     -0.0209181016,       0.780879012
       0.265588784,       0.739575435
       0.572110886,       0.567089101
       0.803315043,       0.239434724
       0.846444403,      -0.201100976
       0.663442391,      -0.606940872
       0.328307735,      -0.853278111
     -0.0310336545,      -0.910763389
      -0.329756109,      -0.837300755
      -0.545530614,      -0.693380361
      -0.683605197,       -0.52579953
      -0.766380321,        -0.3528712
      -0.800021262,      -0.180862586
      -0.805390872,     -0.0258723613
       -0.77994375,       0.115949349
      -0.722064664,       0.255368855
      -0.647216874,       0.384974937
      -0.544316386,       0.494953606
      -0.412869597,       0.587710153
      -0.250626304,       0.666316261
      -0.052030429,       0.705120248
       0.179362847,       0.682304325
       0.439093854,       0.569895988
       0.670589564,       0.337381172
       0.794512071,     -0.0206430547
       0.720670073,      -0.435555981
       0.433611079,      -0.749466275
       0.065547644,      -0.869505179
      -0.261712308,      -0.818667342
       -0.49800914,      -0.674047962
      -0.647433393,      -0.493289749
      -0.731921461,      -0.304851113
      -0.766314686,      -0.116057881
      -0.753859119,      0.0607231332
      -0.702268382,       0.221961439
      -0.607913928,       0.371113542
      -0.485250216,       0.494066589
      -0.333504438,       0.592450273
      -0.141504733,       0.646085783
      0.0764265314,        0.65249164
       0.311038578,       0.588347637
       0.532627072,       0.428817871
       0.704001985,        0.16199395
       0.742910252,      -0.178348944
       0.626698569,      -0.506706488
       0.376569843,      -0.746890645
      0.0738827033,      -0.838981066
      -0.208921365,      -0.808804262
      -0.428891194,      -0.696582808
      -0.584008844,      -0.544006409
      -0.675332347,      -0.371683866
      -0.711584556,      -0.198342363
      -0.712103412,     -0.0348971755
      -0.670937106,       0.122176684
      -0.599144731,       0.260035305
      -0.499035625,       0.378739549
      -0.354815264,       0.478926467
      -0.185358892,       0.543607776
     0.00515981999,        0.55780623
       0.226894218,       0.507474764
       0.445128438,       0.362460054
        0.59767833,       0.126045432
       0.629373363,      -0.182923916
        0.52129338,      -0.492724548
        0.28368423,      -0.696116307
     0.00193732737,      -0.772909515
      -0.251262929,      -0.736133846
       -0.44552737,      -0.620035458
      -0.581801039,      -0.463962123
      -0.655235918,      -0.299082945
      -0.679399652,      -0.133637562
      -0.663366247,      0.0305664416
      -0.606339427,         0.1751059
        -0.5113051,       0.308250618
      -0.381440334,       0.420886714
      -0.216733797,       0.491174808
     -0.0129306024,       0.512181715
       0.204281473,       0.468213875
       0.406138257,       0.328459011
       0.543863652,      0.0909538903
       0.588519922,      -0.194150215
       0.493894507,      -0.457068215
       0.292832849,      -0.650598296
      0.0620360677,      -0.748205244
      -0.158144625,      -0.743438171
      -0.348561986,      -0.676020414
      -0.490874021,      -0.573188368
END
