# Created Sun Oct 10 20:10:53 2021

CITIFILE A.01.00
NAME CM
VAR freq MAG 201
DATA s1_1 RI
VAR_LIST_BEGIN
            300000
          42798500
          85297000
         127795500
         170294000
         212792500
         255291000
         297789500
         340288000
         382786500
         425285000
         467783500
         510282000
         552780500
         595279000
         637777500
         680276000
         722774500
         765273000
         807771500
         850270000
         892768500
         935267000
         977765500
     1.020264e+009
    1.0627625e+009
     1.105261e+009
    1.1477595e+009
     1.190258e+009
    1.2327565e+009
     1.275255e+009
    1.3177535e+009
     1.360252e+009
    1.4027505e+009
     1.445249e+009
    1.4877475e+009
     1.530246e+009
    1.5727445e+009
     1.615243e+009
    1.6577415e+009
      1.70024e+009
    1.7427385e+009
     1.785237e+009
    1.8277355e+009
     1.870234e+009
    1.9127325e+009
     1.955231e+009
    1.9977295e+009
     2.040228e+009
    2.0827265e+009
     2.125225e+009
    2.1677235e+009
     2.210222e+009
    2.2527205e+009
     2.295219e+009
    2.3377175e+009
     2.380216e+009
    2.4227145e+009
     2.465213e+009
    2.5077115e+009
      2.55021e+009
    2.5927085e+009
     2.635207e+009
    2.6777055e+009
     2.720204e+009
    2.7627025e+009
     2.805201e+009
    2.8476995e+009
     2.890198e+009
    2.9326965e+009
     2.975195e+009
    3.0176935e+009
     3.060192e+009
    3.1026905e+009
     3.145189e+009
    3.1876875e+009
     3.230186e+009
    3.2726845e+009
     3.315183e+009
    3.3576815e+009
      3.40018e+009
    3.4426785e+009
     3.485177e+009
    3.5276755e+009
     3.570174e+009
    3.6126725e+009
     3.655171e+009
    3.6976695e+009
     3.740168e+009
    3.7826665e+009
     3.825165e+009
    3.8676635e+009
     3.910162e+009
    3.9526605e+009
     3.995159e+009
    4.0376575e+009
     4.080156e+009
    4.1226545e+009
     4.165153e+009
    4.2076515e+009
      4.25015e+009
    4.2926485e+009
     4.335147e+009
    4.3776455e+009
     4.420144e+009
    4.4626425e+009
     4.505141e+009
    4.5476395e+009
     4.590138e+009
    4.6326365e+009
     4.675135e+009
    4.7176335e+009
     4.760132e+009
    4.8026305e+009
     4.845129e+009
    4.8876275e+009
     4.930126e+009
    4.9726245e+009
     5.015123e+009
    5.0576215e+009
      5.10012e+009
    5.1426185e+009
     5.185117e+009
    5.2276155e+009
     5.270114e+009
    5.3126125e+009
     5.355111e+009
    5.3976095e+009
     5.440108e+009
    5.4826065e+009
     5.525105e+009
    5.5676035e+009
     5.610102e+009
    5.6526005e+009
     5.695099e+009
    5.7375975e+009
     5.780096e+009
    5.8225945e+009
     5.865093e+009
    5.9075915e+009
      5.95009e+009
    5.9925885e+009
     6.035087e+009
    6.0775855e+009
     6.120084e+009
    6.1625825e+009
     6.205081e+009
    6.2475795e+009
     6.290078e+009
    6.3325765e+009
     6.375075e+009
    6.4175735e+009
     6.460072e+009
    6.5025705e+009
     6.545069e+009
    6.5875675e+009
     6.630066e+009
    6.6725645e+009
     6.715063e+009
    6.7575615e+009
      6.80006e+009
    6.8425585e+009
     6.885057e+009
    6.9275555e+009
     6.970054e+009
    7.0125525e+009
     7.055051e+009
    7.0975495e+009
     7.140048e+009
    7.1825465e+009
     7.225045e+009
    7.2675435e+009
     7.310042e+009
    7.3525405e+009
     7.395039e+009
    7.4375375e+009
     7.480036e+009
    7.5225345e+009
     7.565033e+009
    7.6075315e+009
      7.65003e+009
    7.6925285e+009
     7.735027e+009
    7.7775255e+009
     7.820024e+009
    7.8625225e+009
     7.905021e+009
    7.9475195e+009
     7.990018e+009
    8.0325165e+009
     8.075015e+009
    8.1175135e+009
     8.160012e+009
    8.2025105e+009
     8.245009e+009
    8.2875075e+009
     8.330006e+009
    8.3725045e+009
     8.415003e+009
    8.4575015e+009
          8.5e+009
VAR_LIST_END
BEGIN
      -0.539772787,      0.0010346163
      -0.522387983,      0.0972192164
      -0.477272826,       0.183285909
      -0.403438561,       0.253168006
      -0.304812024,       0.296712269
      -0.191624088,       0.304929872
     -0.0790584506,       0.267307462
      0.0184798316,       0.184417981
      0.0753806397,      0.0634939027
      0.0751616656,     -0.0734014236
      0.0161401219,      -0.198323712
     -0.0843470655,      -0.284147259
      -0.205628961,       -0.32113617
        -0.3268347,      -0.311887108
      -0.430751892,      -0.263234984
      -0.509225551,      -0.187519502
      -0.559166172,      -0.094033532
      -0.579092314,     0.00754895366
      -0.569193595,        0.11198589
      -0.529066637,       0.209686364
      -0.459356283,       0.295631285
      -0.361155089,       0.363210445
      -0.238786407,       0.396918082
     -0.0990372487,       0.387242597
      0.0400456358,       0.322279854
       0.150296736,       0.200612981
       0.204930266,      0.0333142189
       0.184428665,      -0.146378768
      0.0885571861,      -0.298672266
     -0.0569324778,      -0.395913249
         -0.217916,      -0.427364552
      -0.367867768,       -0.39973279
      -0.491004085,      -0.329061907
      -0.581292772,      -0.229908875
      -0.636019814,      -0.115461742
       -0.65781028,     0.00571221787
      -0.647548934,       0.126786549
      -0.604523969,       0.242465595
      -0.532910389,       0.348380243
      -0.427476695,       0.435776414
      -0.293109172,       0.493952033
      -0.132418947,       0.511897722
       0.041152482,       0.469168024
        0.20477762,        0.35604667
       0.320031283,       0.173617379
       0.348426358,     -0.0536267251
       0.275002022,      -0.275941392
       0.117331013,      -0.439814463
     -0.0821226964,      -0.517457641
      -0.279477452,      -0.515362689
      -0.445598966,       -0.44996973
      -0.571246046,      -0.343063371
      -0.653860352,      -0.215682795
      -0.695193094,     -0.0801946029
      -0.700031603,      0.0596176275
      -0.671375637,       0.194865634
      -0.609402584,       0.319684313
      -0.510753874,       0.430337765
      -0.380964684,       0.516865974
      -0.218304589,       0.566139099
     -0.0245657295,       0.562535694
       0.177524434,       0.485824697
       0.351963254,       0.319043425
       0.449418379,       0.075560549
        0.42881133,      -0.199812414
       0.286115062,      -0.433898831
      0.0675299957,      -0.577571441
      -0.168707182,      -0.614622737
      -0.376717703,      -0.566558359
      -0.539014285,      -0.464926548
      -0.651026884,      -0.333867253
       -0.71910885,      -0.189623327
      -0.745930252,     -0.0431214534
      -0.737384137,       0.102155181
        -0.6989724,       0.241830583
      -0.627481341,       0.365723639
      -0.523444724,       0.476307985
      -0.383141437,       0.570495847
      -0.210943207,       0.624867519
    -0.00687131299,       0.624645228
       0.214340418,       0.550225136
       0.414526484,       0.380087002
       0.535998824,       0.112001614
       0.522354153,      -0.201641707
       0.366237304,      -0.471251164
       0.116310989,       -0.63187554
      -0.150127362,      -0.666384959
      -0.379451233,      -0.604921917
      -0.550964147,      -0.485944661
      -0.664329629,      -0.338503571
      -0.728862186,      -0.180804101
      -0.750319408,     -0.0240298948
      -0.732778138,       0.126031156
      -0.681660882,       0.270497552
      -0.603685714,       0.402102291
       -0.48675109,       0.515658653
      -0.331975246,       0.601586862
      -0.143013598,       0.651564056
      0.0751039575,       0.643284336
       0.309824415,       0.546264935
       0.513566127,       0.345519706
       0.622636371,      0.0464324069
       0.581469661,      -0.285392264
       0.390246193,      -0.558108668
       0.116161267,      -0.701690123
       -0.16071133,      -0.719164651
      -0.391225807,      -0.641249503
      -0.559187192,      -0.510703208
      -0.668023382,      -0.354781234
      -0.723053347,      -0.192347803
       -0.74267024,     -0.0292369348
      -0.720677898,       0.122866547
      -0.665454091,       0.265447383
      -0.570912402,       0.403647433
      -0.446596317,       0.516253607
      -0.283781066,       0.600414587
     -0.0724509628,       0.639028945
       0.169326944,       0.607363895
       0.410813005,       0.472047948
       0.599342904,       0.213671427
       0.656140689,      -0.133544932
        0.52908497,      -0.470950379
        0.27064366,      -0.693425521
     -0.0288074724,      -0.768911803
      -0.290687127,      -0.724347034
      -0.487136926,      -0.609974929
      -0.619766278,      -0.459979899
       -0.70076184,      -0.307965582
       -0.73660192,      -0.160264268
       -0.73298907,     -0.0136749345
       -0.71053769,       0.124652658
      -0.660820172,       0.247810506
      -0.584547642,       0.357309626
      -0.486364355,       0.459699824
      -0.365681298,       0.540680784
      -0.217473676,       0.595734057
     -0.0358678297,       0.621551306
       0.172853525,       0.590855982
       0.386884931,       0.480502913
       0.571803687,        0.26817585
       0.661088356,     -0.0365781444
       0.590715315,      -0.378824409
       0.359125432,      -0.639563349
      0.0605770592,      -0.747012799
      -0.220597561,      -0.719111836
       -0.43827175,      -0.605057357
      -0.583188902,      -0.447754754
      -0.666431647,      -0.278386097
      -0.698115189,      -0.109419053
      -0.679487214,      0.0551598268
       -0.62979683,       0.202336113
      -0.550448443,       0.334383229
      -0.433901582,        0.44197622
      -0.287828381,       0.524471343
      -0.115133357,       0.570989974
      0.0783003815,       0.567585696
       0.290285216,       0.495038159
       0.482000764,       0.338122254
       0.612496117,      0.0975850427
       0.630551288,       -0.20099258
       0.511183533,      -0.479679831
       0.290555478,      -0.674557189
      0.0257283444,      -0.751462812
      -0.217470504,      -0.724250266
      -0.411573549,      -0.624293326
      -0.544083482,      -0.484894068
      -0.628221808,      -0.334011773
      -0.663336341,      -0.176275331
      -0.660739639,     -0.0274826416
      -0.625775401,        0.11021378
      -0.555615632,       0.238047212
      -0.458193382,       0.348766447
      -0.332930985,       0.436252802
      -0.176890512,        0.48675101
     0.00539894075,       0.498094799
       0.202561692,       0.445040016
       0.380456222,       0.312623254
       0.518085155,       0.092312669
       0.540960886,      -0.172740928
       0.442680329,        -0.4311644
       0.244710299,      -0.615854197
     0.00464761343,      -0.687669877
       -0.22344209,      -0.661156098
      -0.404639932,      -0.568248519
      -0.528441686,       -0.43500921
      -0.601551767,      -0.280849909
      -0.627271971,      -0.130523424
      -0.608688078,      0.0218637629
      -0.550371454,       0.163038835
      -0.464144759,        0.28143713
      -0.333447042,       0.374262137
      -0.168740786,       0.437260607
      0.0102366842,       0.442805302
       0.207134129,       0.371773819
       0.390625438,       0.228531959
       0.498519461,     0.00520102997
       0.489350262,       -0.25021517
       0.382693458,      -0.484421519
       0.200903459,      -0.637736914
     -0.0109592235,      -0.696994481
      -0.209774031,      -0.686428864
END
